number of people:1
point1.x,point1.y,  point3.x,point3.y,  point4.x,point4.y,  point5.x,point5.y,  point6.x,point6.y,  point8.x,point8.y,  point9.x,point9.y,  point10.x,point10.y,  point12.x,point12.y,  point13.x,point13.y,  point14.x,point14.y,  point16.x,point16.y,  point17.x,point17.y,  point18.x,point18.y,  point20.x,point20.y,  
251,176,252,98,223,148,219,196,213,235,282,146,295,189,307,232,236,226,226,292,223,358,263,226,268,292,273,357,252,139,
253,176,255,101,227,149,220,196,214,216,283,146,299,182,305,219,240,226,233,291,231,354,266,225,270,290,275,353,254,140,
256,177,256,104,229,150,221,197,214,197,283,147,302,176,300,206,243,226,238,290,237,351,268,225,273,289,278,350,256,142,
258,178,258,107,232,152,222,198,213,178,284,148,305,170,294,193,247,226,243,289,242,349,271,225,275,288,280,347,257,144,
258,178,258,107,232,152,223,199,213,178,284,148,305,170,294,193,247,226,243,289,242,349,271,225,275,288,280,347,257,144,
258,178,258,107,232,152,223,199,213,178,284,148,305,170,294,193,247,226,243,289,242,349,271,225,275,288,280,347,258,144,
258,178,258,107,232,152,222,199,213,178,284,148,305,170,294,193,247,226,243,289,242,349,271,225,275,288,280,347,258,144,
258,178,258,107,232,152,222,199,213,178,284,148,305,170,295,192,247,226,243,289,242,349,271,225,275,288,280,347,258,144,
258,178,258,107,232,152,221,198,213,177,284,148,305,170,295,192,247,226,243,289,242,349,271,225,275,288,280,347,258,144,
258,178,258,107,232,152,221,198,212,177,284,148,305,170,295,192,247,226,243,289,242,349,271,225,275,288,280,348,258,144,
258,178,258,107,231,152,221,198,212,177,284,148,305,170,295,192,247,226,243,289,242,349,271,225,275,288,280,348,258,144,
258,178,258,107,231,152,221,198,211,177,284,149,305,170,295,191,247,226,243,289,242,349,271,225,275,288,280,348,258,144,
258,178,258,107,231,152,221,198,211,179,284,149,306,170,295,191,247,226,243,289,242,349,271,225,275,288,280,348,257,144,
258,178,258,107,231,152,221,198,211,179,284,149,306,170,295,191,247,226,243,289,242,349,271,225,275,288,280,348,257,144,
258,178,257,107,231,152,221,198,211,179,283,149,306,170,295,191,247,226,243,289,242,349,271,225,275,288,280,348,257,144,
258,178,257,107,231,152,221,198,211,179,283,149,306,170,296,191,247,226,243,289,242,349,271,225,275,288,280,348,257,144,
258,178,257,107,231,152,221,198,211,180,283,148,306,169,297,190,247,226,243,289,242,349,271,225,275,288,280,348,257,144,
258,178,257,107,232,152,221,198,211,180,283,148,306,169,298,190,247,226,243,289,242,349,271,225,275,288,280,348,257,144,
258,178,257,107,232,152,221,198,211,180,284,148,306,168,298,190,247,226,243,289,242,349,271,225,275,288,280,348,257,144,
258,178,257,107,232,152,220,198,211,180,284,148,307,168,298,190,247,226,243,289,242,349,271,225,275,288,280,348,257,144,
258,178,257,108,232,152,220,199,211,180,284,148,307,167,298,190,247,226,243,289,242,349,271,225,275,288,280,348,257,144,
258,178,257,108,232,152,220,199,211,180,283,148,307,167,297,190,247,226,243,289,242,349,271,225,275,288,280,348,257,144,
258,178,257,108,232,152,220,199,211,180,283,148,308,167,297,190,247,226,243,289,242,349,271,225,275,288,280,348,257,144,
258,178,257,108,232,152,220,199,211,178,283,149,308,167,297,190,247,226,243,289,242,349,271,225,275,288,280,348,257,144,
258,178,257,108,232,152,220,198,211,178,283,149,306,169,298,191,247,226,243,289,242,349,271,225,275,288,280,348,257,144,
258,178,257,108,231,152,221,197,210,180,283,149,304,172,302,194,247,226,243,289,242,349,271,225,275,288,280,348,257,144,
258,178,257,108,231,152,222,196,210,186,283,149,301,178,306,199,247,226,243,289,242,349,271,225,275,288,280,348,256,144,
258,178,256,108,231,152,223,196,209,196,283,149,298,183,308,204,247,226,243,289,242,349,271,225,275,288,280,348,256,144,
258,178,256,108,231,152,223,194,209,206,283,150,295,188,309,213,247,226,243,289,242,349,271,225,275,288,280,348,256,144,
258,178,256,108,231,152,223,193,209,213,283,150,293,191,309,218,247,226,243,289,242,349,271,225,275,288,280,348,256,144,
257,179,256,108,231,152,223,193,209,219,283,151,292,192,308,223,246,226,243,289,242,349,271,226,275,288,280,348,256,144,
257,179,256,108,230,152,223,193,211,225,283,151,292,193,306,225,246,226,243,289,242,350,271,226,275,288,280,348,256,144,
257,179,256,108,230,152,223,194,213,230,283,152,292,193,304,228,246,226,243,289,242,350,271,226,274,288,280,349,256,144,
257,179,256,108,230,153,223,195,215,234,283,152,292,194,302,230,245,226,243,289,242,350,270,226,274,288,280,349,256,144,
256,179,256,108,229,153,223,195,217,235,282,152,291,194,300,231,245,226,242,289,242,350,269,226,274,289,280,349,256,144,
256,179,255,107,229,153,223,196,219,236,282,152,291,195,298,233,244,227,242,289,242,350,268,226,273,289,280,349,255,144,
255,179,255,107,228,153,223,196,219,236,281,152,290,195,297,235,243,227,242,289,242,350,267,227,273,289,280,349,255,144,
254,179,254,107,227,153,223,196,219,236,281,152,289,196,296,235,242,227,241,289,242,350,267,227,272,289,280,349,254,144,
254,179,254,107,227,153,222,197,219,236,280,152,288,196,296,236,242,227,241,289,242,350,266,227,272,289,280,349,253,144,
253,179,253,107,226,153,221,197,216,237,280,152,288,196,295,236,242,227,241,289,242,351,266,227,271,289,280,349,253,144,
253,179,252,107,225,153,220,197,214,237,279,152,287,196,295,235,241,227,240,289,241,351,266,227,271,290,280,350,252,144,
252,179,252,106,224,153,218,197,210,236,278,152,287,196,295,234,241,227,240,289,241,351,266,227,270,291,280,350,251,144,
252,179,251,106,224,153,216,197,208,236,278,152,286,196,295,233,240,227,239,289,241,351,265,227,270,292,280,351,251,144,
251,179,249,106,222,152,214,196,205,235,277,151,286,195,295,232,240,227,239,289,241,352,265,226,270,293,280,352,249,144,
250,179,248,106,221,152,212,196,203,235,276,151,285,195,295,231,240,227,239,289,241,352,265,226,270,294,280,354,248,144,
249,178,247,106,220,151,211,196,201,234,275,151,284,194,295,230,240,227,239,289,241,353,264,226,271,295,280,354,247,143,
249,178,247,106,219,151,209,196,200,234,274,151,284,194,295,230,239,227,238,289,241,353,264,226,272,295,281,355,247,143,
248,178,246,105,219,151,208,195,199,234,273,151,283,193,295,228,239,227,238,289,241,354,264,226,274,294,283,355,246,143,
248,178,245,105,218,151,207,195,199,234,273,151,283,193,296,227,239,227,238,288,240,354,264,225,276,293,286,354,245,143,
248,178,245,105,218,151,207,195,199,234,273,151,283,193,296,226,239,227,238,286,240,354,264,225,278,291,290,352,245,143,
248,178,245,105,218,151,207,195,199,235,273,151,283,193,296,226,239,227,238,286,240,354,264,225,280,289,295,351,245,143,
248,178,246,105,218,150,208,194,199,235,273,151,283,193,297,226,239,226,238,285,240,354,264,225,281,289,299,350,246,143,
249,178,247,104,219,150,209,194,200,234,274,151,284,193,298,227,240,226,238,285,240,354,265,225,283,289,304,349,247,143,
251,178,249,104,222,150,211,194,202,233,276,151,285,193,299,228,242,226,239,285,240,353,267,225,286,289,309,349,249,143,
253,178,252,104,224,150,213,194,205,232,278,151,288,194,301,229,244,226,240,285,240,353,269,225,289,289,313,350,251,143,
256,178,255,104,227,150,216,194,207,232,282,151,290,195,304,231,246,226,242,286,241,352,272,225,291,289,315,350,254,143,
259,178,259,104,230,150,219,194,211,233,285,151,294,196,307,232,249,227,244,286,241,351,275,225,293,290,317,351,258,143,
263,178,263,104,234,150,223,195,214,235,290,151,298,196,310,233,253,227,246,286,242,351,279,226,295,291,318,352,262,143,
269,178,268,104,240,151,228,196,220,237,295,151,304,197,316,233,258,227,250,286,243,351,284,226,299,292,319,353,267,143,
273,178,272,104,245,151,233,196,225,237,300,151,309,197,321,233,262,227,253,287,243,351,288,226,302,292,319,354,271,143,
278,178,277,104,249,151,238,196,232,236,304,151,314,196,327,234,267,227,257,288,244,351,292,227,305,292,320,354,276,143,
282,178,282,104,254,151,244,196,238,235,309,151,319,196,333,235,271,227,259,289,245,351,297,227,308,292,321,355,281,142,
286,178,286,103,258,151,249,196,244,235,314,150,324,195,339,235,275,227,262,290,247,350,301,227,311,290,322,355,285,142,
291,177,292,103,263,151,256,196,250,235,319,150,330,194,346,235,280,226,267,290,250,350,306,226,314,289,323,356,290,142,
295,177,295,103,266,151,260,196,254,236,324,149,335,193,350,235,284,226,271,291,253,350,310,226,317,289,324,356,294,141,
298,177,299,102,270,151,264,196,259,237,327,149,338,192,355,234,287,226,275,291,257,351,313,226,319,289,324,356,297,141,
301,177,301,102,272,150,267,196,262,237,330,148,341,191,359,233,289,225,279,292,266,353,315,226,320,289,325,356,300,141,
303,176,304,102,275,150,269,196,266,236,332,148,344,191,363,232,290,225,283,292,275,356,316,226,321,289,325,356,303,140,
305,176,306,102,277,149,271,195,269,235,335,148,347,190,365,231,292,225,289,294,286,357,318,226,322,291,326,356,305,140,
306,176,308,102,278,149,272,195,270,235,336,148,348,190,367,231,293,225,294,294,293,357,319,226,323,293,326,356,306,140,
307,176,309,102,279,149,273,195,271,234,337,148,349,190,367,231,294,225,298,295,299,357,319,226,324,294,326,356,308,140,
308,176,310,102,280,149,274,195,271,233,337,148,349,190,367,231,295,225,301,295,301,357,320,226,324,295,326,356,308,140,
309,176,310,102,280,149,274,195,271,233,338,148,349,191,367,231,296,225,303,296,303,357,321,226,324,295,327,356,309,140,
309,176,311,102,281,149,274,195,271,233,338,148,349,191,366,231,298,225,305,296,304,357,323,226,325,295,328,356,309,140,
310,176,311,102,281,149,274,195,270,233,338,148,349,191,364,231,299,226,305,296,305,357,324,226,328,296,329,356,309,140,
311,176,312,102,281,149,274,195,270,233,338,148,348,192,362,231,301,226,305,297,306,358,326,225,332,296,331,356,309,140,
312,176,312,102,281,149,274,195,270,233,338,148,348,192,362,231,302,226,305,297,306,358,327,225,336,295,334,357,309,140,
313,176,312,102,282,149,274,194,270,232,338,148,348,193,362,232,304,226,305,296,306,359,329,225,340,294,339,357,310,140,
314,176,313,101,283,148,274,194,270,232,339,148,349,193,363,234,305,226,305,294,306,359,330,224,344,292,347,356,311,140,
315,176,315,101,284,148,275,193,270,231,341,148,350,194,364,234,306,225,306,292,307,358,331,224,348,292,355,356,313,140,
317,175,317,101,287,147,276,192,271,230,343,148,352,194,366,234,308,225,307,290,307,357,333,224,354,292,365,355,315,139,
320,175,320,101,289,147,278,191,272,229,346,148,354,194,368,233,310,225,307,289,307,357,336,224,357,292,373,355,318,139,
323,175,323,101,293,147,280,191,273,229,349,148,357,194,370,231,313,225,308,288,307,356,338,224,361,293,379,354,320,139,
326,175,326,101,296,147,283,191,275,229,352,148,361,194,374,231,316,225,310,288,308,356,342,224,364,293,383,353,324,139,
330,175,330,101,299,147,286,191,278,229,356,148,365,194,378,231,320,225,313,288,308,355,346,224,367,293,385,352,328,140,
335,176,335,102,304,148,291,191,282,230,361,149,371,195,385,232,325,225,317,288,309,355,351,225,370,293,387,352,332,140,
339,176,340,102,309,148,296,192,286,231,366,149,376,195,390,232,330,225,321,290,310,355,356,226,372,294,387,352,337,140,
344,176,344,102,315,149,301,192,291,231,371,149,381,194,396,231,334,226,324,292,311,355,360,226,375,294,388,352,342,140,
349,176,349,102,320,149,306,193,299,232,376,149,386,194,402,231,339,226,327,293,312,355,365,226,378,292,389,351,348,140,
353,176,354,101,324,148,312,193,305,233,381,149,391,193,408,230,343,226,330,293,313,355,369,226,381,291,389,350,352,140,
358,175,359,101,329,148,319,193,314,235,387,148,397,192,416,228,347,225,334,293,315,354,374,225,384,288,390,349,357,139,
362,175,363,100,332,148,324,194,321,236,391,147,401,190,420,226,350,225,337,293,317,354,377,225,386,288,390,349,361,139,
365,175,366,100,336,148,329,194,327,237,395,147,405,189,423,225,353,225,340,293,320,354,380,225,388,288,391,349,364,139,
367,175,370,100,339,148,333,194,331,237,397,147,407,188,424,225,355,225,345,294,325,354,383,225,390,289,392,350,367,138,
370,175,372,100,342,147,336,194,334,237,400,146,409,187,424,224,357,224,349,295,333,355,385,225,391,290,392,351,369,138,
373,175,375,99,344,147,338,194,337,236,403,146,411,186,425,224,359,224,354,297,343,356,387,225,393,292,393,352,373,138,
375,175,377,99,346,147,339,194,338,235,405,146,412,186,425,224,361,224,358,298,350,356,388,225,393,293,393,353,375,138,
377,175,379,99,348,147,340,193,339,234,406,146,412,186,425,224,362,224,363,299,357,356,389,225,394,294,394,354,377,138,
378,175,381,99,349,147,340,193,339,234,407,146,413,187,421,227,363,224,366,300,362,357,390,225,394,294,394,354,378,138,
378,175,382,99,350,147,341,193,339,234,407,146,413,187,416,229,364,224,369,300,365,356,391,225,394,294,394,354,379,138,
379,175,383,99,351,147,341,193,339,234,408,146,414,187,412,232,365,225,372,301,367,357,391,225,393,294,394,354,380,138,
379,175,383,99,351,146,341,193,339,233,408,146,414,187,412,232,365,225,372,301,368,357,392,225,393,293,394,354,380,138,
380,175,384,99,352,146,342,193,340,233,408,146,414,188,412,233,366,225,373,301,369,357,392,225,393,293,395,353,381,138,
380,175,384,99,352,146,342,193,341,232,408,146,415,188,411,234,366,225,373,301,370,357,393,225,393,293,395,353,381,138,
380,175,384,99,352,146,343,193,341,232,409,146,415,188,411,234,366,225,373,301,370,357,393,225,393,293,395,352,381,138,
381,175,384,99,352,146,344,192,342,232,409,146,415,188,412,234,367,225,373,300,370,356,394,225,393,293,395,352,382,138,
381,175,384,99,353,146,344,192,342,232,409,146,415,188,411,236,367,225,373,300,370,356,394,225,393,293,395,354,382,138,
381,175,384,99,353,146,345,192,343,232,409,146,415,188,410,237,367,225,373,300,370,356,394,225,393,293,395,356,382,138,
381,174,384,99,353,146,345,192,343,232,409,146,415,188,410,237,367,225,372,300,369,356,394,225,394,294,395,357,382,138,
381,174,384,99,353,146,345,192,343,232,409,146,415,188,410,238,367,225,371,300,369,356,394,225,394,295,395,357,382,138,
382,174,385,99,353,146,345,192,342,232,409,146,415,188,410,238,366,225,368,299,367,356,394,225,395,296,395,357,383,138,
382,174,385,99,354,146,344,192,341,232,409,146,415,188,410,236,366,224,365,297,364,356,393,225,395,296,395,355,383,138,
381,174,385,99,354,146,344,191,340,232,409,146,415,187,409,235,365,224,362,296,360,356,393,225,395,295,394,354,383,138,
381,174,384,99,353,146,343,191,338,231,409,146,415,187,409,234,364,223,358,295,353,356,391,225,394,295,394,352,383,137,
379,174,384,99,352,145,342,191,335,230,408,146,414,186,415,230,362,223,353,294,344,355,390,225,393,292,394,351,382,137,
377,174,382,98,350,145,339,191,332,229,408,145,414,186,420,227,360,222,347,293,333,353,388,224,391,290,394,350,380,137,
375,174,379,98,347,145,337,191,329,228,406,145,413,186,424,224,357,222,343,292,325,352,385,224,390,288,393,350,377,137,
372,174,376,98,345,145,335,191,327,228,404,145,412,186,425,224,355,222,338,292,317,351,383,224,389,287,393,350,374,137,
368,174,372,98,341,146,331,192,324,229,401,145,411,187,424,228,352,222,334,291,312,351,380,224,387,287,392,350,371,137,
365,174,367,99,337,147,328,193,320,230,396,146,408,189,423,232,348,223,330,291,307,351,376,224,384,286,391,350,366,138,
359,175,361,100,330,148,322,194,314,231,390,147,403,191,420,237,343,224,325,291,303,352,371,225,380,286,390,352,360,139,
354,176,356,100,325,149,317,195,308,233,385,147,398,193,416,238,338,225,322,291,301,353,366,226,377,288,390,352,355,140,
348,176,351,101,320,149,311,195,303,236,379,148,392,194,410,239,333,225,318,292,300,354,361,226,374,289,388,352,349,140,
343,177,345,101,314,150,305,196,297,238,373,149,385,194,403,239,329,226,315,292,299,355,356,227,370,291,387,352,344,141,
338,177,340,102,309,150,299,196,292,238,368,149,378,195,394,238,324,226,312,292,299,355,351,227,367,291,386,352,338,141,
331,177,333,102,302,150,292,195,284,236,361,149,370,195,385,238,318,226,308,292,298,356,345,226,363,292,384,352,332,141,
326,177,328,102,297,149,286,194,278,235,356,148,364,195,378,237,313,226,305,291,297,356,340,226,359,292,382,353,327,141,
322,176,323,101,292,149,281,193,272,233,351,148,359,194,372,236,309,225,302,290,297,356,335,226,356,292,379,354,322,140,
318,176,319,101,288,148,277,192,267,231,347,148,354,194,367,237,305,225,300,288,296,356,331,225,352,293,373,355,318,140,
315,176,315,101,285,148,273,191,263,231,343,148,350,194,362,236,302,225,298,288,296,355,328,225,347,293,365,356,314,140,
311,176,311,101,281,147,269,191,258,230,339,148,346,194,357,236,300,225,296,288,295,355,326,224,341,293,353,357,311,140,
309,176,309,101,279,147,266,190,255,230,337,148,344,194,355,236,298,225,295,288,295,355,324,224,336,294,343,358,308,140,
307,176,306,101,277,147,264,190,252,230,335,147,343,194,353,236,297,225,294,289,294,355,323,224,330,294,334,358,306,140,
306,176,305,101,275,147,263,190,251,230,333,147,342,194,351,236,295,225,294,290,294,355,321,224,325,295,326,357,304,140,
304,176,303,101,274,147,262,190,250,230,332,147,341,194,350,236,294,225,295,294,294,356,319,224,319,296,318,357,303,140,
303,176,302,101,273,147,261,191,250,230,331,147,340,194,350,236,292,225,296,298,295,357,317,224,312,297,312,356,302,140,
302,176,301,101,273,147,261,191,250,230,330,147,340,194,350,236,291,225,298,300,296,358,316,225,308,297,309,355,301,140,
301,176,301,101,272,148,261,191,252,231,330,148,340,194,350,237,290,226,298,300,297,358,315,225,305,297,309,355,301,140,
301,176,301,101,272,148,262,192,255,231,330,148,340,194,350,237,289,226,297,299,297,359,314,226,305,297,308,355,301,140,
301,176,301,101,272,148,263,193,259,232,330,148,340,194,350,237,288,226,297,298,297,358,313,226,305,298,308,355,301,140,
300,176,301,101,272,148,264,193,261,233,330,148,339,194,350,238,288,226,295,298,296,358,313,226,305,298,308,356,301,140,
300,176,301,101,272,148,264,194,262,235,330,148,339,194,350,238,287,226,292,297,294,358,312,226,306,298,308,356,300,140,
300,176,301,101,272,148,264,194,262,235,330,148,339,195,350,238,286,225,287,297,290,358,311,226,307,297,309,357,300,140,
299,176,301,101,272,148,264,194,261,235,330,148,338,195,349,238,285,225,283,296,286,357,311,226,308,296,309,357,300,140,
299,176,301,101,272,148,264,194,258,234,329,148,338,195,349,238,284,225,279,295,280,357,310,226,308,295,309,357,300,140,
298,176,301,101,271,148,262,193,254,232,329,147,337,195,348,238,284,225,275,293,273,357,310,225,308,294,309,357,299,140,
298,176,301,100,271,148,261,193,251,231,328,147,337,194,347,237,283,224,271,292,265,357,309,225,308,293,309,357,299,139,
296,175,299,100,269,148,259,192,248,230,326,147,336,194,345,236,281,224,266,291,255,356,307,225,307,291,309,357,297,139,
294,175,298,100,268,148,258,192,246,229,325,147,335,193,344,236,279,224,262,291,248,355,305,225,306,290,309,357,296,139,
292,175,296,100,266,148,256,192,245,229,323,147,334,193,343,236,277,224,258,291,242,353,303,225,305,288,308,357,294,139,
290,175,293,100,263,148,254,192,243,229,320,147,332,192,342,236,274,224,255,291,237,352,300,225,304,288,308,357,291,139,
286,175,290,100,260,148,251,193,241,230,318,147,329,192,341,236,271,224,251,291,232,352,297,225,302,287,308,357,288,139,
281,176,285,100,255,148,247,195,238,232,313,147,325,192,338,236,266,225,248,291,229,352,292,225,299,287,307,356,283,139,
277,176,281,101,250,148,244,195,235,234,308,147,320,192,335,237,262,225,246,290,227,352,288,225,296,287,307,356,279,140,
271,176,274,102,244,149,238,196,230,237,302,148,314,192,330,238,256,226,242,290,226,352,282,226,292,289,305,356,273,140,
266,177,269,102,239,150,233,196,225,238,297,149,308,192,325,238,251,226,238,289,225,353,277,226,288,290,304,356,268,141,
261,177,264,102,233,150,227,196,220,237,291,149,302,193,319,238,246,227,234,289,224,354,272,227,285,291,302,356,263,141,
256,177,258,102,228,150,222,196,214,237,286,149,297,193,313,238,242,227,231,289,223,355,268,227,283,292,301,355,258,141,
252,177,253,102,223,150,216,195,208,235,281,149,291,194,306,238,238,227,229,288,222,355,264,227,280,293,299,354,253,141,
247,177,248,101,218,149,210,194,201,233,276,149,285,194,298,238,233,226,226,288,221,355,259,226,277,294,297,354,247,140,
243,177,244,101,214,149,205,194,196,232,272,149,281,194,292,237,230,226,224,288,221,355,256,226,274,294,294,354,243,140,
239,176,239,101,210,148,201,194,190,231,267,149,276,195,287,237,227,226,221,288,220,356,252,225,270,294,288,354,239,140,
237,176,236,101,207,148,197,194,186,231,265,148,273,195,283,236,225,226,220,288,220,356,250,225,266,294,281,355,236,140,
235,176,234,101,205,147,194,194,183,230,262,148,271,195,280,236,223,226,219,288,219,357,249,225,262,294,274,356,234,139,
234,176,232,100,203,147,192,193,181,230,261,148,269,195,278,235,222,226,219,288,219,357,248,225,257,294,266,358,232,139,
233,176,231,100,202,147,190,193,180,230,259,148,268,195,276,235,221,226,218,289,219,357,247,225,253,295,258,359,231,139,
232,176,230,100,201,147,189,193,178,230,258,148,268,195,275,234,220,226,217,291,219,357,246,225,248,296,250,359,230,139,
231,176,230,100,201,147,189,193,178,230,258,148,268,195,275,234,219,226,217,293,218,357,245,225,245,297,247,359,230,139,
231,176,230,101,201,147,189,193,178,231,258,148,268,195,275,235,218,226,217,295,218,357,244,226,243,298,246,360,230,140,
231,176,230,101,201,147,190,193,179,231,258,148,268,195,276,235,217,226,217,295,218,357,243,226,243,298,246,359,230,140,
231,176,230,101,201,147,191,193,181,232,258,148,269,195,277,235,217,226,217,296,218,357,243,226,243,298,245,359,230,140,
231,176,230,101,202,148,194,194,185,233,258,148,269,194,278,236,217,226,217,297,218,357,243,226,243,298,245,359,230,140,
231,176,231,101,202,148,195,194,189,235,259,148,270,194,279,236,217,226,217,298,218,357,243,226,243,298,245,359,230,140,
231,176,231,101,203,148,197,195,193,235,260,148,271,194,280,236,217,226,217,298,218,358,243,226,243,298,245,359,231,140,
231,176,232,100,204,148,198,195,195,236,261,148,272,194,281,236,217,226,215,298,217,359,243,226,243,298,245,359,232,140,
231,176,232,100,204,149,200,195,196,235,261,148,272,194,281,236,217,226,214,297,217,359,243,226,243,298,245,359,233,140,
232,176,233,100,205,149,201,195,196,234,262,148,273,194,281,236,217,226,212,295,215,360,243,226,244,297,245,359,233,140,
232,176,233,100,205,149,201,195,196,234,262,148,273,193,281,236,218,226,211,294,212,360,243,226,244,296,245,359,234,140,
232,176,233,100,205,149,201,195,196,234,262,148,274,193,281,235,218,226,210,293,208,359,243,226,245,294,245,359,234,139,
232,176,233,100,205,149,201,195,195,234,262,147,274,193,281,235,218,226,208,292,204,359,243,226,245,294,245,359,234,139,
232,176,233,99,205,149,201,195,194,234,262,147,273,193,281,235,217,226,206,292,200,359,243,226,244,293,245,359,234,139,
231,176,232,99,204,149,200,195,193,234,261,147,273,192,280,235,216,225,204,292,196,359,242,226,244,293,245,358,233,139,
230,176,231,99,203,149,199,195,192,234,260,147,272,192,280,235,215,225,203,292,194,358,241,226,243,293,245,358,232,139,
228,176,229,99,201,149,196,195,190,234,258,147,270,192,279,235,213,225,202,292,193,358,239,226,242,293,245,358,230,139,
226,176,228,99,199,149,193,195,187,235,256,147,268,192,278,235,211,225,202,292,192,357,236,226,241,293,245,358,228,139,
223,176,225,100,196,149,190,195,184,236,254,147,265,193,275,236,208,226,200,292,191,355,233,226,239,293,244,359,225,139,
220,176,223,100,193,149,187,195,181,237,251,148,262,193,272,236,205,226,198,291,191,354,230,226,237,294,244,359,222,140,
218,176,221,100,190,149,183,195,178,237,249,148,259,193,269,236,203,226,196,291,190,354,228,226,235,294,243,359,220,140,
215,176,218,101,188,149,180,194,174,236,246,148,256,193,265,236,200,226,195,292,189,354,225,227,233,295,243,359,217,140,
213,176,215,101,185,149,177,194,170,235,244,149,252,194,262,236,198,226,193,292,189,354,223,227,231,296,242,359,215,140,
210,176,212,101,182,149,174,193,166,233,241,149,248,194,257,235,195,226,191,292,188,355,221,226,229,297,242,359,212,140,
208,176,210,101,179,149,171,193,163,232,238,149,245,194,253,235,193,226,189,291,188,356,219,226,228,298,241,360,209,140,
205,176,207,101,176,148,168,192,159,232,235,149,242,195,249,235,190,226,188,291,187,357,216,226,226,298,241,360,206,140,
203,176,204,101,174,148,165,192,157,231,232,149,239,195,246,235,188,226,186,291,187,357,214,226,225,298,240,360,204,140,
201,177,202,101,172,148,163,192,154,232,230,149,237,196,244,235,187,227,185,291,186,358,213,227,223,298,238,360,201,140,
199,177,200,100,171,148,160,192,153,232,228,149,235,196,242,234,186,227,184,293,186,358,212,227,221,299,235,361,199,140,
198,176,198,100,169,148,158,192,151,232,226,149,233,196,241,235,185,227,183,295,186,358,211,227,218,299,231,362,197,140,
197,176,196,100,167,148,157,193,150,232,224,149,232,196,240,235,184,227,183,298,186,359,210,226,215,299,225,362,195,140,
196,176,195,100,165,148,156,193,149,233,223,149,231,196,239,234,184,227,183,298,186,359,210,226,212,299,220,362,194,140,
195,176,193,100,164,148,156,193,148,234,222,149,231,195,239,234,183,227,183,298,186,358,209,226,209,299,215,361,194,140,
194,176,192,100,164,148,156,193,148,234,221,148,231,195,239,234,183,227,184,297,186,358,209,226,207,299,212,361,193,140,
194,176,192,100,164,148,156,194,149,235,221,148,231,195,239,234,182,227,184,296,186,357,208,226,206,299,210,360,193,140,
194,176,191,99,164,148,156,195,150,236,221,147,231,194,239,233,182,227,184,295,186,357,207,226,206,298,209,360,193,139,
194,176,191,99,164,148,157,195,152,237,221,147,232,194,240,233,181,227,184,295,186,357,206,226,206,298,209,360,193,139,
193,176,191,99,164,148,157,195,154,237,221,147,233,194,241,233,181,227,185,295,186,357,206,226,206,298,209,360,193,139,
193,176,191,99,164,148,158,195,155,237,221,147,233,193,242,232,180,227,185,295,185,356,205,226,206,298,209,359,193,139,
193,176,191,99,164,148,158,195,156,237,221,147,233,193,242,232,180,227,185,295,185,356,205,226,206,298,209,359,193,139,
192,176,191,99,164,148,159,195,156,237,222,147,233,193,242,232,179,227,186,295,185,356,204,226,206,299,209,358,193,139,
192,176,191,99,164,148,159,195,156,237,222,147,233,193,242,231,179,227,186,295,185,356,204,226,205,299,209,358,193,139,
192,176,191,99,164,148,159,195,156,237,221,147,232,192,241,230,179,227,186,295,185,356,204,226,205,299,209,358,193,139,
192,176,191,99,164,148,159,195,155,237,221,147,232,192,240,230,179,227,186,295,185,356,204,226,204,298,209,358,193,139,
192,176,191,99,164,148,158,195,154,237,221,147,232,192,239,230,179,227,186,295,185,356,204,226,204,297,209,358,192,139,
192,176,191,99,163,148,158,195,152,237,221,147,231,192,238,230,179,227,186,295,185,356,204,226,204,296,209,358,192,139,
192,176,190,99,163,148,157,195,150,236,221,147,231,192,238,230,179,227,186,295,185,356,204,226,204,296,209,359,192,139,
192,176,190,98,163,148,157,195,149,235,220,146,230,192,237,231,179,227,185,295,185,356,204,226,205,297,209,359,192,139,
192,176,189,98,162,148,156,195,148,234,220,146,230,192,236,231,179,227,184,297,185,356,204,226,205,298,209,359,192,139,
192,176,188,98,162,148,155,195,147,234,219,146,229,192,236,232,179,227,183,299,185,356,205,226,205,298,209,359,191,138,
192,176,188,98,161,148,155,195,147,233,219,146,229,192,236,232,179,227,183,300,185,357,205,226,206,299,210,359,191,138,
192,176,187,98,160,148,154,195,147,233,219,146,229,192,237,233,180,227,183,300,185,358,205,226,207,299,211,360,190,138,
192,176,186,98,160,148,154,195,147,233,218,146,229,192,238,233,180,227,182,300,185,358,206,226,210,298,215,360,190,138,
192,176,186,98,160,148,153,195,147,234,218,146,229,193,239,232,180,227,182,299,185,359,207,226,213,298,221,360,190,138,
192,175,187,98,160,147,153,195,147,234,218,146,230,193,241,231,181,227,182,297,185,360,208,225,218,297,231,359,190,138,
193,175,187,98,161,147,153,195,147,234,219,146,231,193,242,230,182,227,182,296,185,360,209,225,222,296,239,358,190,138,
194,175,190,98,162,147,154,195,147,234,221,146,232,193,244,230,184,227,183,294,185,360,211,225,227,295,248,357,191,138,
196,175,192,98,164,147,155,195,148,234,223,146,234,193,246,230,186,227,184,294,185,360,213,225,231,294,254,357,193,138,
199,175,195,98,166,146,157,195,149,234,226,146,237,193,249,230,188,227,185,292,185,359,215,225,236,294,262,357,196,138,
202,175,198,98,170,146,160,194,150,235,229,146,240,193,253,230,191,227,187,291,185,359,218,225,240,294,267,357,199,138,
206,175,202,98,174,146,163,194,152,235,233,147,244,193,257,231,195,227,190,290,186,358,222,225,244,294,271,358,203,138,
211,175,208,98,180,147,168,194,156,236,239,147,249,194,262,231,200,227,193,290,187,358,227,225,248,295,273,359,209,138,
216,175,213,98,185,147,173,194,160,236,244,147,255,194,267,232,205,227,196,290,189,357,232,226,251,295,275,359,214,138,
221,176,218,99,191,148,178,194,166,234,249,148,260,194,273,232,210,228,199,290,190,357,237,227,254,295,275,359,219,139,
226,176,224,99,197,148,185,193,173,233,254,148,267,194,280,233,215,228,203,290,191,356,242,227,257,295,276,360,225,139,
231,175,230,98,203,147,191,193,180,232,260,147,273,193,287,234,220,227,207,290,192,356,247,227,260,295,277,360,230,138,
238,175,237,97,210,147,199,192,189,231,267,147,281,192,295,235,226,227,211,290,193,355,253,226,264,294,278,360,237,137,
243,174,243,96,215,146,205,192,196,231,272,145,286,190,301,235,231,226,213,290,195,354,258,226,267,294,279,361,242,136,
248,174,248,95,219,145,211,192,202,231,278,144,291,189,306,233,235,226,216,291,197,353,262,226,270,293,280,361,248,136,
252,173,253,95,223,145,215,192,207,231,282,144,295,188,312,233,238,225,219,292,200,353,266,225,273,293,281,361,252,135,
256,173,257,94,227,145,220,192,213,233,286,143,299,187,317,233,241,225,223,292,205,354,269,225,275,293,282,361,256,135,
259,173,262,93,231,144,224,192,218,234,291,143,304,187,322,232,244,224,229,293,213,356,272,225,277,293,282,363,260,134,
262,172,265,93,234,144,227,192,222,236,294,143,307,187,325,232,247,224,234,294,223,359,274,225,278,293,283,364,263,134,
264,172,268,93,236,143,229,192,224,236,297,142,309,187,328,232,249,224,239,294,233,362,276,225,280,294,283,364,266,134,
266,172,270,92,238,143,231,191,225,235,299,142,311,187,330,232,250,224,245,295,243,362,277,225,280,296,284,363,267,134,
267,172,271,92,240,143,231,191,226,234,300,142,313,187,331,233,251,224,251,295,253,363,278,225,280,298,284,363,269,134,
269,172,273,92,241,143,232,191,226,232,301,142,314,188,332,233,253,224,258,296,261,364,280,225,280,299,284,363,270,134,
270,172,273,92,241,143,232,191,226,232,302,142,314,188,332,234,254,224,261,298,264,366,281,225,280,300,284,364,271,134,
270,172,274,92,242,143,233,191,225,232,302,142,314,188,331,235,255,224,264,298,265,366,282,225,281,300,284,364,272,134,
271,172,274,93,242,143,233,191,224,232,303,143,314,189,330,236,256,224,265,299,265,366,283,225,281,301,284,365,272,134,
271,172,274,93,242,143,232,191,224,232,303,143,313,190,328,236,257,224,265,299,265,366,284,225,283,302,285,365,272,134,
271,172,274,93,243,143,232,191,224,232,303,143,312,191,325,237,258,225,265,300,266,367,285,225,285,303,286,364,272,134,
272,172,274,93,243,143,232,191,224,232,303,143,311,191,323,237,259,225,265,300,266,367,286,225,286,303,287,363,272,134,
272,173,274,93,243,143,232,191,224,232,303,143,311,192,322,237,260,226,265,300,267,366,287,225,289,302,289,362,272,134,
273,173,274,93,243,143,232,191,224,232,303,143,311,192,322,236,261,226,265,300,267,365,288,225,293,301,292,362,272,134,
273,173,274,92,243,143,232,191,225,232,303,143,311,192,322,235,262,226,265,300,267,365,289,225,297,299,297,363,272,134,
274,172,274,92,243,143,232,191,226,232,303,143,311,192,323,233,264,226,265,299,267,365,291,224,302,298,307,363,272,134,
275,172,275,92,244,143,233,191,227,233,304,143,312,192,324,232,265,225,265,298,267,365,292,224,307,297,317,362,273,133,
277,172,276,91,245,142,234,191,229,233,305,142,314,191,327,230,267,225,266,297,268,364,294,224,314,297,330,361,275,133,
279,172,278,91,247,142,236,191,231,233,307,142,317,191,330,230,269,225,267,296,268,364,296,224,319,296,340,360,276,133,
282,172,281,91,250,142,238,190,233,232,310,142,320,191,334,230,272,225,268,295,268,363,299,224,323,296,348,360,279,133,
285,172,284,91,253,142,241,190,235,232,314,142,324,191,339,230,275,225,270,295,269,363,303,224,328,296,356,361,282,133,
289,172,288,91,257,142,244,190,238,232,318,142,328,191,344,230,279,225,272,294,269,362,307,224,333,296,362,361,286,133,
295,172,293,91,262,142,249,190,242,232,323,142,334,191,350,230,285,225,276,294,270,362,313,225,338,296,368,362,292,133,
300,172,298,91,267,142,254,191,246,232,328,143,339,191,356,230,290,226,280,294,271,362,318,225,342,297,368,362,297,133,
305,172,303,92,273,143,259,191,253,233,334,143,345,191,362,230,295,226,283,295,272,362,323,225,345,297,369,362,302,134,
310,173,309,92,279,143,265,192,259,233,339,143,351,191,369,230,300,227,287,296,273,362,329,226,348,298,369,362,308,134,
316,173,315,92,285,143,272,192,266,233,346,143,358,190,376,230,306,227,290,297,274,362,334,226,351,298,369,362,314,134,
324,172,322,91,292,143,280,192,273,232,354,142,366,190,385,230,312,226,294,297,276,362,340,226,355,297,369,363,322,133,
329,172,328,90,297,143,287,192,280,232,360,141,372,188,391,231,316,226,297,297,277,361,345,226,359,296,370,364,327,132,
333,171,333,89,302,143,293,192,286,232,365,140,378,187,398,231,321,225,300,296,278,361,350,225,362,295,371,365,332,132,
337,170,338,89,306,142,298,192,292,232,369,140,383,186,403,231,324,225,304,296,281,361,354,224,364,294,372,365,336,131,
341,170,342,88,311,142,302,192,297,232,373,139,388,186,408,230,328,224,309,296,287,361,357,224,367,294,373,365,340,131,
345,170,347,87,315,141,307,192,303,232,378,138,392,185,413,227,331,224,315,297,297,363,361,224,369,294,374,365,345,130,
348,170,350,87,318,141,310,191,306,233,381,138,395,184,417,224,333,223,321,298,308,365,363,224,370,294,374,365,348,130,
350,169,352,87,320,140,312,191,309,233,384,137,397,183,419,222,335,223,327,299,319,367,365,224,372,294,374,365,351,130,
352,169,354,87,322,140,314,190,310,233,386,137,399,183,420,222,337,223,334,300,330,367,366,224,373,296,374,365,353,130,
353,169,355,87,323,140,315,190,312,233,387,137,400,183,420,222,338,223,340,301,339,367,367,224,373,298,374,365,354,130,
355,169,357,87,324,140,316,190,312,233,388,137,401,183,420,222,339,223,347,304,347,367,368,224,372,301,374,365,355,130,
355,169,357,87,324,140,316,190,313,233,388,137,401,183,419,222,340,223,352,306,351,367,369,224,371,303,374,365,355,130,
356,169,358,87,325,140,317,190,313,233,389,138,401,183,418,223,342,223,354,307,353,367,370,224,370,305,374,365,356,130,
356,169,358,87,325,140,317,190,313,233,389,138,400,183,417,223,343,223,355,307,354,367,371,224,370,305,374,365,356,130,
356,170,358,87,325,140,317,191,313,233,389,138,400,184,415,224,343,224,355,307,354,367,372,224,370,305,374,365,356,130,
357,170,358,87,325,140,317,191,313,233,389,138,399,186,414,226,344,224,355,308,354,367,373,224,372,305,374,365,356,130,
357,170,358,87,325,140,317,191,314,233,388,138,399,186,413,227,345,224,355,308,354,367,373,224,375,305,375,366,356,130,
357,170,358,88,325,140,317,191,314,233,388,138,399,187,412,228,346,225,355,307,355,368,374,224,379,304,378,366,356,130,
357,170,358,88,325,141,317,191,315,234,388,138,399,187,412,228,347,225,354,305,355,368,375,224,384,303,383,366,356,130,
357,170,358,88,325,141,317,191,315,234,388,138,399,188,412,229,347,225,353,303,355,368,376,224,387,301,388,366,356,130,
358,170,358,88,325,141,318,190,316,233,388,138,399,188,413,229,348,225,353,301,355,367,377,223,392,299,397,366,356,130,
359,170,358,87,325,141,318,190,317,233,389,138,400,188,414,229,349,225,353,300,356,367,378,223,395,298,404,365,357,130,
361,169,359,87,326,140,319,190,318,232,390,138,401,188,416,228,351,225,353,299,356,366,379,223,399,297,411,362,358,130,
362,169,361,87,328,140,320,189,319,231,392,138,402,187,419,228,352,224,354,298,356,365,381,223,401,296,414,356,359,129,
364,169,363,87,330,139,321,189,319,231,394,138,404,187,421,227,354,224,355,296,356,365,383,223,404,295,415,351,361,129,
368,169,366,87,334,139,324,189,320,231,397,138,407,186,423,227,358,224,356,296,356,364,387,223,406,293,415,347,365,129,
371,169,369,87,337,139,326,189,322,232,400,138,410,186,424,227,361,224,358,296,357,363,390,223,406,293,415,347,368,129,
374,169,372,87,340,140,329,189,324,233,402,138,412,185,424,226,364,224,360,296,358,363,393,223,407,293,415,347,371,129,
377,169,375,87,344,140,332,189,327,234,404,138,414,183,425,226,366,225,362,297,359,364,395,223,408,291,414,346,374,129,
380,169,378,87,347,140,336,190,331,235,404,138,414,181,433,225,368,225,365,298,359,365,397,224,409,289,414,344,378,129,
382,169,381,87,350,140,340,190,336,237,405,138,415,181,441,224,370,226,369,299,360,366,399,224,410,287,414,342,381,129,
383,169,384,87,351,140,344,191,341,238,405,138,415,181,450,223,370,226,371,301,360,367,399,224,411,286,414,341,382,129,
384,169,386,87,354,140,348,191,346,238,405,138,416,181,451,224,371,226,372,302,360,367,400,225,411,286,415,341,384,129,
386,170,388,87,357,140,351,191,350,238,406,137,417,180,454,222,372,226,373,302,361,366,401,225,412,286,415,340,386,129,
387,170,390,87,359,141,354,190,353,237,407,135,425,175,457,222,373,226,374,302,361,366,402,225,412,285,416,340,388,129,
389,169,392,88,362,141,356,190,356,236,408,129,433,170,460,222,374,226,375,303,362,365,403,225,412,285,416,339,390,129,
390,169,393,88,364,141,357,190,356,236,409,125,440,169,461,224,375,225,375,303,362,365,404,224,412,285,416,339,391,129,
391,169,393,88,366,141,357,190,357,236,410,122,441,167,463,224,376,225,376,303,363,365,405,223,412,285,416,339,392,129,
391,169,394,88,366,141,357,190,357,236,410,122,441,169,463,226,376,225,376,303,363,365,405,223,412,285,416,339,392,129,
391,169,394,88,365,141,356,190,356,236,410,122,441,169,463,226,376,225,376,303,363,365,405,223,412,285,416,339,392,129,
391,169,393,88,364,141,355,190,355,237,413,124,441,170,461,226,375,224,375,303,362,366,405,223,412,285,416,339,392,129,
390,169,392,88,362,141,354,190,353,237,413,126,440,170,458,226,375,224,375,303,362,366,404,223,412,285,416,339,391,129,
389,169,390,87,359,141,351,191,350,238,412,132,439,172,455,228,374,224,373,302,361,366,403,223,411,285,415,339,389,129,
387,169,387,87,357,141,348,191,347,238,411,135,438,174,453,228,373,224,371,302,361,365,402,223,411,285,415,340,387,129,
385,169,385,87,353,141,345,191,344,237,407,138,430,178,451,231,372,225,369,300,361,364,401,224,411,285,414,342,385,129,
383,169,382,87,350,141,342,191,341,236,406,138,423,180,447,233,369,225,366,299,360,363,398,224,410,288,414,342,382,129,
379,169,379,88,346,141,338,191,337,235,406,138,415,181,443,232,366,225,363,298,360,363,395,224,409,290,414,345,378,129,
375,169,375,88,342,141,334,191,333,235,404,138,414,182,437,232,362,224,360,297,358,364,391,224,407,294,414,350,374,130,
371,169,372,88,338,141,330,192,329,235,402,138,413,184,432,231,358,224,357,297,357,366,387,224,405,295,415,354,371,130,
368,170,369,88,335,141,327,191,325,235,400,139,411,185,425,229,355,224,355,297,356,367,384,224,403,297,415,360,368,130,
366,170,366,88,332,141,323,191,320,234,397,139,408,187,420,229,353,224,353,297,355,367,382,224,399,298,412,363,365,131,
364,170,364,88,330,140,320,191,315,233,394,139,405,188,418,233,351,224,352,297,355,367,380,224,395,299,408,364,362,131,
362,170,361,88,328,140,318,190,311,232,391,139,402,188,416,235,350,224,351,297,355,367,379,224,392,300,401,367,360,131,
360,170,359,88,326,140,315,189,308,231,389,139,400,189,413,237,349,224,350,298,354,367,377,224,388,301,393,367,358,131,
358,170,357,88,324,140,313,189,306,231,388,139,398,189,411,237,348,224,350,299,354,367,376,224,383,301,385,368,356,131,
356,170,355,88,322,140,311,189,304,231,385,139,396,188,408,234,346,224,351,303,354,367,374,224,377,301,376,367,354,131,
355,170,353,88,321,140,310,189,303,231,384,139,395,188,407,234,344,224,352,305,354,367,372,224,372,302,371,367,352,131,
353,170,351,89,320,141,309,190,302,231,383,139,394,188,407,234,342,225,353,307,355,366,370,224,369,302,368,368,351,131,
352,170,350,89,319,141,309,190,302,231,382,139,394,188,407,234,341,225,353,307,355,366,369,224,368,302,367,368,350,131,
351,170,349,89,318,142,309,190,302,231,381,138,394,187,407,234,340,225,353,307,355,366,368,224,367,302,367,366,350,131,
351,170,348,89,317,142,309,190,303,231,381,138,394,187,408,234,339,225,353,307,355,366,367,224,366,302,366,364,349,131,
350,170,348,89,317,142,309,190,304,231,381,138,394,186,411,236,338,225,353,307,355,366,366,224,366,302,366,363,349,131,
350,170,347,89,316,142,309,190,306,232,380,138,394,186,413,238,337,225,351,305,354,366,365,224,363,304,366,363,348,131,
349,170,347,89,316,142,310,190,307,234,380,138,394,186,414,240,336,224,349,304,354,366,364,224,361,306,366,363,348,131,
348,170,347,88,316,142,310,191,308,235,380,138,395,186,414,240,335,224,346,302,351,366,363,224,360,306,365,364,348,131,
348,170,347,88,316,142,309,191,308,236,379,138,395,187,414,241,333,224,341,302,345,367,362,224,360,306,365,365,347,131,
347,170,346,88,315,142,309,191,307,236,379,138,394,187,414,241,332,224,335,301,337,368,361,224,360,304,365,365,347,131,
345,170,345,88,314,141,307,191,303,235,378,138,393,187,413,241,330,224,327,300,326,368,359,224,361,301,365,365,346,130,
343,170,344,88,313,141,305,191,299,234,377,138,391,187,411,239,328,223,320,299,315,368,357,224,361,299,365,365,344,130,
341,170,342,88,311,141,303,191,295,232,375,138,389,186,408,237,325,223,314,298,303,366,355,224,360,298,365,365,342,130,
338,170,339,88,308,141,300,191,292,232,372,138,386,186,405,235,323,223,308,297,292,365,352,224,359,297,364,365,339,130,
335,170,335,88,304,141,297,192,288,232,368,138,383,186,401,235,319,223,302,296,282,363,349,224,357,296,364,365,336,130,
329,170,329,89,299,142,292,193,283,232,363,138,378,187,396,235,314,224,295,296,271,363,344,224,354,296,363,365,330,130,
324,171,324,90,293,143,287,194,279,233,357,138,373,188,391,235,309,225,289,296,265,363,339,225,351,296,362,365,325,131,
319,171,318,90,288,144,282,195,275,235,351,139,368,189,385,236,304,226,284,296,260,364,333,225,347,296,361,365,319,132,
312,172,311,91,281,145,276,195,269,236,344,140,361,190,378,238,298,227,280,296,257,366,327,226,343,297,359,365,312,133,
306,173,304,92,274,146,269,196,262,237,337,141,354,191,371,238,292,227,275,297,255,367,321,227,338,298,358,364,305,133,
297,173,295,92,265,146,261,196,254,238,328,141,345,192,361,240,284,228,269,297,253,368,312,227,333,298,355,363,296,133,
290,173,288,92,258,146,254,196,247,238,321,141,337,192,353,240,277,228,264,297,252,369,306,227,329,299,354,362,290,133,
283,173,281,91,250,145,245,195,238,238,313,141,328,192,342,237,270,227,260,297,251,368,298,227,323,299,349,362,282,133,
278,172,275,90,245,144,238,194,230,237,307,140,321,191,335,235,265,227,257,296,251,368,293,226,318,299,345,361,277,132,
273,171,270,89,240,143,232,193,223,235,302,140,315,191,328,234,261,226,254,295,251,368,289,225,313,299,338,362,271,131,
269,171,266,88,236,143,227,192,217,232,298,140,310,190,322,233,257,226,252,295,250,368,285,225,306,299,328,364,267,131,
266,171,262,88,232,142,223,191,211,231,294,139,306,190,316,232,254,226,250,295,250,368,282,224,299,300,316,367,263,131,
262,170,258,88,229,141,218,189,205,231,290,139,303,189,311,231,251,226,248,296,249,368,279,224,290,301,301,368,260,130,
260,170,255,88,227,141,215,188,201,231,288,139,300,188,309,231,249,226,247,298,248,369,277,224,283,303,288,370,257,130,
257,170,253,88,225,141,213,188,198,230,285,139,298,188,307,231,247,226,247,301,248,369,274,224,274,304,277,371,255,130,
255,170,251,88,223,141,211,188,196,230,284,139,297,188,306,231,245,226,248,305,249,370,272,224,268,305,268,372,253,130,
253,170,250,88,221,141,210,188,195,230,282,139,296,188,305,232,243,226,250,308,249,370,270,224,260,306,262,373,252,130,
252,171,249,88,220,141,210,188,195,230,281,139,295,188,304,233,241,226,251,309,250,370,267,225,255,307,256,374,250,130,
251,171,248,88,219,141,210,188,195,230,281,139,295,189,303,234,239,226,251,310,250,371,265,225,251,308,255,374,250,130,
250,171,248,88,218,141,210,188,197,230,280,139,294,189,303,234,237,226,249,309,249,371,263,226,250,308,254,374,249,130,
249,171,248,88,218,141,210,189,200,232,280,139,293,189,303,235,235,226,246,308,248,372,261,226,249,309,254,373,249,130,
248,171,248,88,217,141,210,190,204,234,280,139,292,190,302,236,233,226,242,306,247,372,259,226,249,310,254,373,248,130,
247,171,248,87,217,141,210,190,205,236,279,139,292,190,301,237,231,225,235,304,244,372,258,226,250,310,254,373,248,130,
246,171,248,87,216,141,210,191,205,236,279,139,291,190,300,238,229,225,229,303,240,371,257,226,251,309,254,373,248,130,
245,170,247,87,216,140,209,191,202,234,278,139,290,191,298,239,228,225,221,302,231,371,256,226,253,307,255,373,247,130,
244,170,247,86,215,140,207,190,198,233,278,139,289,191,297,239,227,224,216,301,222,371,255,226,253,305,255,373,246,130,
243,170,246,86,214,140,205,190,194,231,277,139,287,191,296,238,225,224,211,300,211,372,254,226,253,304,256,373,245,129,
241,169,244,85,212,139,203,189,190,230,275,139,286,190,294,238,224,224,207,299,200,373,252,226,253,302,256,373,243,129,
238,169,241,85,209,139,200,189,187,230,272,138,284,190,292,237,222,224,203,299,188,373,250,226,252,301,256,373,240,129,
235,169,237,85,205,139,197,189,182,230,268,138,281,189,290,237,218,224,197,299,177,372,247,226,250,300,256,373,237,129,
231,169,233,85,202,139,193,189,179,230,265,138,278,189,288,237,215,224,193,300,170,372,243,226,249,300,255,373,233,129,
227,169,228,85,197,139,189,191,175,231,260,138,275,188,286,237,211,225,189,300,165,372,240,226,247,300,255,372,229,129,
222,170,223,85,192,140,184,192,171,233,255,138,270,188,283,237,206,226,186,301,163,372,235,226,244,300,254,372,223,129,
217,170,217,86,186,141,178,193,166,234,249,139,265,188,279,237,201,227,183,301,161,374,230,226,240,300,253,372,217,129,
210,170,209,86,178,142,171,193,159,235,242,139,258,188,273,237,195,227,177,301,159,375,224,227,236,301,252,372,210,129,
204,170,203,85,172,142,164,193,153,235,236,138,252,187,267,236,189,227,172,301,157,376,218,227,232,301,251,371,204,129,
198,170,197,85,165,141,158,193,147,235,229,138,245,187,261,235,183,227,167,301,156,377,213,226,228,301,251,371,199,129,
193,169,191,84,160,141,153,192,141,235,224,138,239,187,254,234,178,227,164,301,155,377,208,226,225,301,250,371,193,128,
188,169,186,84,154,140,148,192,135,235,219,137,234,187,247,234,173,227,161,301,154,377,203,225,222,301,248,371,188,128,
182,169,180,83,148,139,141,191,127,235,213,137,227,188,239,233,168,227,158,301,153,377,197,225,216,301,243,371,182,128,
178,169,176,83,144,139,136,191,120,236,209,137,222,188,233,233,164,227,156,301,153,377,194,225,210,301,236,372,177,127,
175,169,172,83,141,139,131,191,114,237,205,137,218,189,228,234,161,227,154,301,152,377,191,225,204,302,227,373,173,127,
172,169,168,83,138,138,127,190,109,237,202,137,215,189,224,234,158,227,152,301,151,377,188,225,199,304,216,375,170,127,
169,169,165,83,135,138,124,190,105,238,199,136,212,189,221,234,156,227,151,302,151,378,186,225,193,306,206,377,167,127,
167,168,162,82,132,138,121,189,101,237,197,136,210,189,218,235,154,227,149,304,151,378,184,225,186,308,193,378,165,127,
165,168,160,82,130,137,119,189,99,237,195,136,209,189,217,235,152,227,149,305,151,378,182,225,181,309,184,379,163,127,
164,168,159,82,129,137,118,189,98,237,194,136,208,189,216,235,151,227,150,307,151,379,181,225,176,309,176,379,162,127,
163,168,158,82,128,137,117,189,98,237,193,136,207,189,215,235,149,227,150,309,151,379,179,225,172,310,170,379,161,126,
162,168,157,82,128,137,117,189,98,236,192,136,207,189,215,235,148,227,151,310,151,380,178,225,169,311,166,380,160,126,
161,168,157,82,127,137,117,189,100,236,192,135,207,189,215,235,146,227,152,311,151,380,176,225,167,312,165,381,160,126,
160,168,157,82,127,138,118,189,103,236,192,135,206,189,215,235,145,227,152,311,151,380,175,226,166,312,165,381,160,126,
159,168,157,82,127,138,118,189,108,236,191,135,206,189,214,235,144,227,153,312,150,380,173,226,165,313,165,381,159,126,
159,168,157,82,127,138,119,190,112,237,191,135,205,189,213,235,144,227,153,312,150,380,173,226,164,313,165,381,159,126,
158,168,156,82,127,138,119,190,115,237,191,135,205,188,211,235,143,227,153,313,150,380,172,226,164,314,165,381,159,126,
158,168,156,82,127,138,120,190,115,237,191,135,204,188,210,234,142,227,154,313,150,380,171,226,164,314,164,382,158,126,
158,168,156,82,126,138,120,190,115,237,191,135,203,188,208,234,142,227,154,313,150,380,171,226,164,314,164,382,158,126,
158,168,155,82,126,138,119,190,114,236,190,135,202,187,207,233,142,227,154,313,150,379,171,226,164,313,164,381,157,126,
158,168,155,82,125,138,119,190,113,236,190,135,202,187,207,232,142,227,153,313,151,379,172,226,165,313,166,380,157,126,
158,168,154,81,124,138,118,190,111,236,190,135,202,187,207,232,143,227,152,311,151,379,173,225,166,312,169,379,157,126,
158,168,153,81,124,137,117,190,109,236,190,135,202,187,207,232,144,227,150,309,151,378,174,225,170,310,174,379,156,126,
158,168,153,81,124,137,116,190,107,236,190,135,202,186,208,232,146,227,148,307,151,378,176,224,176,308,180,379,156,126,
158,168,153,81,124,137,115,190,104,237,190,135,202,186,211,231,147,226,148,305,151,378,178,224,184,307,191,379,156,126,
159,168,154,80,124,137,114,190,103,237,190,135,204,186,214,230,149,226,148,302,151,378,179,223,191,306,203,378,156,126,
161,167,155,80,125,136,114,189,103,237,191,135,206,186,218,229,151,225,148,300,151,377,182,223,198,304,218,377,158,125,
163,167,158,80,127,136,115,189,103,237,193,135,208,186,222,228,153,225,149,299,151,377,184,223,203,302,230,377,160,125,
166,167,160,80,129,135,116,188,103,237,196,135,210,186,225,227,155,225,150,298,151,376,186,223,209,300,242,376,162,125,
169,167,164,80,132,134,119,187,105,235,199,135,213,186,229,227,158,225,152,298,151,376,189,223,215,299,249,376,166,125,
172,167,169,80,135,134,122,186,107,234,203,135,216,186,233,227,161,225,154,298,152,375,192,223,220,298,257,376,169,125,
178,167,175,80,141,134,127,186,111,234,208,136,222,187,238,228,166,225,157,298,152,375,197,223,225,298,262,376,175,125,
183,167,181,80,147,134,132,186,116,233,214,136,227,187,243,228,171,225,159,299,153,375,202,224,229,298,266,376,181,125,
189,168,187,81,153,135,138,187,122,232,220,137,233,188,249,229,176,226,163,300,153,375,208,225,233,298,267,377,187,126,
195,169,193,82,160,136,145,187,129,232,227,138,239,189,256,229,182,227,167,300,154,376,213,226,236,300,268,377,193,127,
202,169,200,82,167,137,153,188,138,232,233,138,247,190,263,230,188,227,171,300,155,376,219,226,239,300,269,377,200,127,
210,170,209,82,176,138,163,188,150,232,242,139,256,190,272,231,197,228,176,301,155,377,227,227,244,301,269,377,209,128,
217,170,216,82,184,138,172,188,160,232,248,139,263,190,280,232,203,228,180,301,156,377,234,227,249,301,270,377,216,128,
223,169,223,82,191,138,180,189,170,232,255,138,270,190,288,232,210,228,184,301,157,377,240,227,253,301,270,377,222,127,
229,169,229,81,197,137,188,189,180,233,261,137,276,188,294,232,215,227,189,300,160,377,246,227,257,300,271,377,228,127,
234,168,235,81,202,137,195,189,190,233,268,136,281,187,300,232,220,226,195,299,166,377,251,226,260,299,272,376,233,126,
240,167,241,80,208,136,202,189,199,234,273,136,287,186,307,231,225,225,202,299,178,377,256,225,263,299,272,376,239,125,
243,167,245,80,212,136,206,189,203,234,277,135,290,185,312,230,229,224,209,299,191,377,259,224,265,299,273,376,243,125,
246,167,249,80,215,136,209,188,205,233,280,135,294,184,315,230,232,224,216,300,204,377,262,224,267,299,273,376,246,125,
249,167,252,80,218,136,211,187,207,233,283,135,296,184,318,230,234,224,224,302,219,377,264,224,268,301,274,376,249,125,
251,167,255,80,220,136,212,187,208,232,286,135,298,184,319,230,236,224,232,305,233,378,265,224,268,303,274,376,252,125,
254,167,257,80,223,136,214,187,209,232,288,135,300,184,320,230,238,224,243,306,246,377,267,224,267,307,274,376,254,125,
255,167,259,80,224,136,215,187,210,232,289,136,301,184,320,230,240,224,250,306,255,377,269,225,267,311,273,377,256,125,
256,167,260,80,225,136,216,187,210,232,290,136,301,185,319,231,243,225,259,308,261,377,271,225,265,314,273,378,257,125,
257,167,260,81,225,136,216,188,210,233,290,136,302,186,318,232,244,225,262,309,263,377,273,226,265,315,273,379,257,125,
259,168,261,81,226,136,217,188,211,234,291,136,302,186,317,233,246,226,265,311,263,377,275,226,266,315,273,379,258,125,
260,168,261,81,226,136,217,188,212,235,291,136,302,187,316,235,248,226,265,312,263,377,276,226,268,315,273,379,258,126,
260,168,261,81,226,136,218,189,213,237,291,136,302,187,316,235,249,226,265,313,263,378,278,226,272,315,276,378,258,126,
261,168,261,81,227,136,219,189,215,237,291,136,303,188,316,235,251,227,264,313,263,378,280,226,279,313,283,378,259,126,
262,168,262,81,227,136,220,189,216,237,292,136,304,188,316,235,252,227,262,312,262,379,281,225,286,311,291,378,259,126,
264,168,263,81,228,136,221,189,219,237,293,136,305,188,318,234,254,226,260,310,262,379,283,225,293,308,301,377,260,125,
265,167,264,80,229,136,223,188,220,236,294,136,306,188,320,232,255,226,260,308,262,378,284,224,299,306,311,376,261,125,
267,167,266,80,231,136,224,188,222,235,296,135,308,187,323,230,257,225,260,305,262,377,286,224,305,304,323,373,263,125,
270,167,269,79,234,135,226,187,224,235,299,135,312,187,326,229,260,225,260,303,262,375,289,224,313,302,336,372,266,124,
273,166,272,79,238,135,228,187,225,235,302,135,315,187,330,229,263,225,261,302,262,374,292,223,319,300,348,372,269,124,
277,166,276,79,241,134,230,187,227,235,306,135,318,187,334,229,266,225,263,300,262,374,296,223,326,299,359,372,273,124,
281,166,280,79,245,134,233,187,228,234,310,135,323,187,340,229,270,225,265,300,262,374,300,223,331,299,367,374,277,124,
285,166,284,79,250,134,236,187,230,234,315,135,327,188,345,229,275,225,267,300,263,374,305,223,336,299,372,374,282,124,
292,167,290,80,257,134,241,187,234,234,322,136,335,188,353,229,282,225,272,300,264,374,312,224,342,299,375,374,288,125,
298,168,295,81,263,135,247,188,238,235,328,136,341,188,360,229,288,226,276,301,265,375,318,225,346,299,376,373,294,126,
306,169,303,82,271,137,255,189,246,235,336,137,350,189,369,230,296,227,282,302,266,376,326,226,351,300,377,373,302,127,
312,169,309,82,277,137,262,190,254,235,343,137,357,189,377,230,302,227,286,303,267,376,333,226,355,301,377,373,309,127,
320,169,317,82,285,138,272,190,265,235,351,137,366,188,387,229,310,227,291,303,269,375,340,226,360,301,378,373,317,127,
327,169,325,81,292,138,283,191,277,235,358,136,374,187,395,228,317,227,296,302,272,374,347,226,365,300,379,373,324,127,
334,168,332,80,299,138,294,191,289,235,366,134,382,185,403,226,323,227,301,301,275,371,354,226,369,298,380,374,331,126,
339,167,337,80,304,138,301,190,298,235,372,133,388,184,410,224,328,226,305,300,279,371,359,225,373,296,380,374,336,125,
343,166,342,79,309,137,306,190,304,235,376,133,392,182,415,223,331,225,311,300,286,372,363,224,375,295,381,374,340,124,
347,166,346,79,312,137,310,190,308,235,380,132,397,181,419,222,334,225,316,301,295,374,366,223,376,295,381,374,345,124,
350,166,350,78,316,136,313,189,311,235,384,132,401,180,420,222,337,224,325,303,310,376,369,223,378,295,382,373,349,124,
353,166,353,78,319,135,314,189,313,235,387,132,403,179,420,222,339,224,331,304,323,376,371,223,379,297,382,373,351,123,
355,166,356,78,321,135,315,188,313,235,389,132,404,178,420,222,341,223,341,307,338,376,372,223,379,299,382,373,354,123,
356,166,358,78,322,134,315,188,314,234,391,132,405,178,420,222,342,223,347,309,348,376,373,223,379,302,382,373,355,123,
357,166,360,78,323,134,316,188,314,234,392,132,405,178,420,222,343,223,353,311,354,376,373,223,378,304,382,373,356,123,
357,166,360,78,324,134,316,188,314,234,392,132,405,179,420,223,344,223,356,311,357,375,374,223,378,306,382,373,357,123,
358,166,361,78,324,134,317,188,314,234,391,132,404,181,420,228,346,224,357,311,358,375,376,224,381,306,384,373,357,124,
359,166,361,79,324,134,317,188,315,234,391,133,403,183,420,234,348,224,357,310,358,375,378,224,386,305,389,373,357,124,
360,166,361,79,324,135,317,188,315,234,391,133,403,185,419,240,350,225,357,308,359,375,380,224,393,304,397,373,357,124,
361,166,361,79,324,135,317,188,316,234,391,133,403,186,419,240,351,225,357,306,359,375,381,224,398,303,404,373,357,124,
362,166,362,79,325,134,318,188,316,233,392,133,404,186,420,236,352,225,357,305,359,375,382,223,401,301,412,372,358,123,
363,166,363,79,326,134,318,187,315,232,393,133,405,186,420,233,353,225,357,303,359,375,383,223,404,299,419,371,359,123,
365,165,364,79,328,133,318,186,315,231,395,133,407,186,421,228,355,224,358,302,360,375,385,222,407,294,421,368,361,123,
367,165,366,79,330,133,319,185,315,231,397,132,408,185,421,228,357,224,359,301,360,375,387,222,408,289,422,359,363,123,
369,165,368,79,333,133,320,185,315,230,399,132,410,184,422,227,359,223,359,300,360,374,390,222,410,286,422,350,366,123,
372,165,371,79,336,133,322,185,315,229,402,132,411,181,423,227,362,223,361,300,361,374,392,222,411,286,419,343,368,123,
375,165,373,79,339,133,324,185,317,229,403,132,411,181,430,226,364,223,363,300,361,374,395,222,411,287,419,343,371,123,
378,165,376,79,343,134,329,185,320,230,404,132,411,184,439,226,367,224,366,300,362,374,398,222,412,287,419,343,375,124,
380,165,379,80,346,134,332,185,325,231,405,132,413,182,448,225,369,224,368,301,362,375,400,222,412,288,419,343,378,124,
382,166,382,80,349,134,336,186,330,232,406,132,421,182,450,225,371,225,371,301,363,375,402,223,412,288,419,343,380,124,
384,166,384,80,352,134,341,187,337,233,408,132,429,180,454,225,371,225,373,302,363,375,402,223,413,288,419,343,382,124,
385,166,387,80,354,134,347,188,344,235,411,132,439,174,459,225,372,225,375,303,363,375,403,223,414,292,425,350,385,124,
387,166,389,80,357,135,351,188,351,235,413,132,441,173,462,225,372,226,376,303,363,375,403,224,416,295,431,360,387,124,
388,166,391,80,359,135,354,188,355,236,416,132,442,173,462,224,373,226,378,303,364,375,404,224,417,299,437,370,389,124,
390,166,392,80,361,136,356,187,358,236,418,131,443,173,464,224,374,226,380,303,364,375,406,224,417,299,438,375,390,124,
391,166,393,80,363,136,357,187,359,236,421,130,444,174,466,225,374,226,381,303,365,375,407,224,418,299,438,377,391,124,
391,166,393,81,363,136,357,187,359,236,422,130,444,174,468,225,375,226,381,303,365,375,407,224,418,299,438,377,391,124,
391,166,394,81,363,136,357,187,358,236,422,130,445,174,470,227,375,226,381,303,366,375,407,224,418,298,438,377,391,124,
391,166,394,81,362,136,356,187,357,236,422,130,445,174,470,228,374,226,381,303,366,375,407,224,417,294,436,374,391,124,
391,166,393,81,362,136,355,187,355,236,422,130,445,174,469,228,374,226,380,303,366,375,406,224,415,291,430,362,391,124,
390,166,392,81,361,136,353,188,352,236,421,130,444,172,466,228,373,226,378,303,365,374,406,224,414,287,424,349,390,124,
389,166,390,80,359,136,351,188,349,236,418,130,442,172,463,228,373,225,376,303,365,374,405,224,414,287,420,342,389,124,
387,166,387,80,355,136,348,189,346,236,415,131,440,172,458,228,371,225,374,302,365,374,403,224,413,288,420,342,387,124,
385,166,384,80,351,136,344,189,343,236,412,131,432,172,455,227,370,225,371,302,364,373,401,223,413,288,419,343,384,124,
383,166,382,80,348,136,341,189,340,235,411,132,424,174,451,227,369,225,369,301,364,373,400,223,412,288,419,343,381,124,
380,165,379,79,344,135,337,189,337,235,410,132,416,175,448,228,367,224,366,300,363,373,397,223,411,288,419,343,378,123,
377,165,376,79,341,135,334,189,334,235,407,132,415,176,445,228,364,224,363,299,362,373,395,222,411,288,418,344,374,123,
373,165,372,79,337,135,330,189,330,235,405,132,413,179,440,228,361,223,360,299,361,373,391,222,409,291,418,349,370,123,
370,165,369,79,334,135,327,189,326,234,402,132,412,181,435,231,358,223,358,298,360,374,389,222,407,294,416,356,368,123,
368,165,367,79,332,135,324,189,322,234,400,132,410,182,429,235,356,223,357,298,359,374,386,222,404,298,413,364,365,124,
366,166,365,79,330,135,322,188,318,233,398,133,408,183,426,239,354,223,356,298,358,374,385,222,399,301,407,369,363,124,
364,166,363,79,329,135,319,187,314,231,396,133,407,183,423,240,353,223,356,299,358,374,383,222,394,302,398,372,361,124,
362,166,361,80,327,135,316,187,311,230,394,133,405,184,421,240,352,223,357,304,358,374,381,222,387,304,388,373,360,124,
361,166,360,80,326,135,315,186,309,229,393,133,404,184,419,240,351,223,359,308,359,374,380,222,381,305,381,374,359,124,
360,166,359,80,325,135,314,186,308,229,392,133,403,185,417,240,349,224,361,312,361,374,379,223,376,307,375,375,358,124,
360,166,358,80,325,135,314,186,307,228,391,134,403,185,417,240,348,224,361,312,362,374,377,223,372,309,373,376,357,125,
359,167,358,80,324,135,314,186,307,228,391,134,403,186,417,241,346,224,361,311,362,375,376,224,368,310,371,376,357,125,
358,167,358,80,324,135,314,186,308,228,391,134,403,187,417,242,344,224,360,311,359,376,374,224,365,312,371,375,357,125,
357,167,358,80,324,135,314,186,309,229,391,134,403,187,417,243,342,223,357,311,356,376,372,224,364,312,370,375,357,125,
356,166,358,80,324,135,314,186,310,229,391,134,403,188,418,244,340,223,351,310,352,377,371,224,364,311,370,374,356,125,
356,166,358,80,323,135,314,186,310,229,391,134,403,188,419,245,339,223,344,309,346,377,369,224,365,310,369,374,356,124,
355,166,358,80,323,134,314,186,310,229,390,133,403,188,420,245,338,222,336,308,338,375,368,224,365,308,369,373,355,124,
353,165,357,79,322,134,313,186,308,229,389,133,402,188,420,245,336,222,329,305,326,375,366,223,365,307,369,373,354,124,
351,165,356,79,321,134,312,186,304,229,387,132,402,188,419,244,333,221,323,304,315,374,364,223,365,304,369,373,353,123,
348,165,353,79,318,134,309,186,299,230,385,132,400,188,418,244,330,221,315,301,300,372,361,222,364,301,368,373,351,123,
345,165,349,79,315,134,306,186,294,230,382,132,398,187,417,244,327,221,309,300,288,369,358,222,363,299,368,372,348,123,
342,165,346,79,312,134,303,186,289,230,379,132,395,185,415,243,325,221,302,299,278,369,356,222,362,298,367,370,345,123,
339,165,341,79,308,135,299,187,285,230,376,132,391,185,411,241,321,221,295,299,267,369,352,222,360,297,367,369,341,123,
335,165,337,79,304,136,294,187,281,230,371,132,386,185,407,239,317,222,289,299,258,372,348,223,358,297,366,369,336,124,
328,166,330,80,297,137,287,189,275,230,364,133,379,185,401,238,311,223,283,298,250,374,342,224,354,297,366,370,330,125,
322,167,324,81,291,138,281,190,269,231,358,134,373,186,395,238,305,224,280,298,248,374,336,225,350,297,365,371,323,126,
316,169,318,83,284,139,274,191,263,233,351,136,366,187,389,238,299,226,276,298,248,373,330,226,345,298,363,371,317,127,
309,169,311,84,277,140,267,192,257,236,344,137,358,188,380,239,293,227,272,298,248,372,324,226,341,299,361,371,310,128,
302,170,304,84,270,140,260,192,251,236,337,137,351,189,370,239,287,227,268,299,247,371,317,227,337,300,359,371,303,128,
294,170,296,84,261,140,252,192,244,236,328,138,341,190,357,238,279,227,264,299,247,370,309,227,332,300,357,371,295,128,
288,169,289,84,255,140,246,191,238,236,321,138,334,191,348,238,273,227,260,299,247,370,303,226,328,300,356,371,289,128,
283,169,283,83,250,139,241,191,232,234,315,137,326,191,339,236,268,226,256,298,246,369,297,226,324,300,354,372,283,127,
278,169,277,82,244,138,235,190,226,233,309,137,319,190,332,234,264,225,253,297,246,369,293,225,319,299,350,373,277,127,
273,168,272,82,239,138,229,189,220,231,304,137,314,190,326,235,260,225,251,295,245,368,289,224,314,299,344,374,272,127,
268,168,267,82,234,137,223,189,214,231,299,137,308,189,320,235,256,225,248,294,245,367,285,224,308,299,333,375,267,127,
265,168,263,82,231,137,220,188,209,231,296,137,305,189,317,235,253,225,247,293,244,367,282,224,302,300,323,376,263,127,
262,168,259,82,227,137,216,187,204,231,292,136,303,189,314,236,251,225,245,293,244,367,280,224,296,301,310,376,259,127,
260,168,257,82,225,137,214,187,202,230,290,136,302,189,312,236,249,225,244,293,243,367,278,224,291,303,302,376,257,127,
259,168,255,82,224,137,213,187,200,229,289,136,301,189,310,235,248,225,243,294,243,368,277,224,286,304,294,376,256,127,
258,168,254,82,223,137,212,186,199,229,288,136,300,189,310,234,246,225,243,296,242,369,275,224,282,305,289,375,255,127,
257,168,254,82,223,137,212,186,199,229,287,136,300,189,310,234,245,225,242,298,242,370,274,224,279,306,285,375,255,127,
257,168,254,82,223,137,212,186,199,230,287,136,300,189,310,234,244,225,242,300,242,371,273,224,277,307,283,375,255,127,
257,168,254,82,223,137,212,187,201,231,287,136,300,189,310,234,244,225,242,300,242,371,272,224,276,307,283,375,255,127,
256,168,254,82,223,137,213,187,203,231,287,136,300,189,310,234,243,225,242,301,242,371,272,225,276,308,283,375,255,127,
256,168,254,82,223,137,214,188,207,232,287,136,300,189,311,234,243,225,242,301,242,371,271,225,276,308,282,375,255,127,
256,168,255,83,223,137,215,188,210,233,288,136,300,189,311,234,242,225,242,302,242,371,271,225,276,308,282,375,255,127,
256,169,256,83,223,138,217,189,214,234,288,136,300,189,312,234,242,225,242,302,242,370,270,225,275,307,282,374,255,127,
256,169,256,83,224,138,218,189,215,235,288,137,300,189,312,234,242,225,242,302,242,370,270,225,275,307,282,374,256,127,
256,169,257,83,224,138,218,189,215,235,289,137,300,189,312,234,242,225,242,302,243,370,270,226,275,307,282,373,256,128,
256,169,257,84,225,138,219,189,215,236,289,137,301,189,312,234,242,225,242,302,243,369,270,226,275,306,282,373,256,128,
256,169,257,84,225,139,219,189,215,236,289,137,301,189,311,234,242,225,242,302,243,368,270,226,275,306,282,372,256,128,
257,169,258,84,225,139,219,189,213,236,289,137,301,189,311,234,243,226,243,302,243,367,271,226,276,305,282,372,257,128,
257,169,258,84,225,139,218,189,212,236,289,137,301,190,310,234,243,226,243,302,243,367,271,226,276,305,282,372,257,128,
257,169,258,85,226,139,218,190,211,235,289,138,301,190,310,235,244,226,243,302,243,367,272,226,276,305,282,372,257,128,
258,169,258,85,226,139,218,190,211,235,290,138,301,190,310,235,244,226,243,302,243,367,272,226,276,305,282,372,258,128,
258,169,259,85,226,139,218,190,211,234,290,138,301,190,309,235,245,226,244,302,243,368,273,226,277,305,282,372,258,128,
258,169,259,85,226,139,218,190,211,234,290,138,301,190,309,235,245,226,244,302,243,368,273,226,277,305,282,372,258,128,
259,169,259,85,226,139,218,190,211,234,290,138,301,190,309,235,245,226,244,302,243,368,274,226,277,305,282,372,258,128,
259,169,259,85,227,139,219,190,213,234,291,138,301,190,309,235,246,226,244,302,243,368,274,226,277,305,282,372,258,128,
259,169,259,85,227,139,219,190,215,235,291,138,301,190,310,235,246,226,244,302,243,368,274,226,277,305,282,372,259,128,
259,169,259,85,227,139,220,190,216,236,291,138,301,190,310,235,246,226,244,302,243,368,274,226,277,305,282,372,259,128,
259,169,259,85,227,139,220,190,217,236,291,138,301,190,310,235,246,226,244,302,243,369,274,226,277,305,282,372,259,128,
259,169,259,85,227,139,221,190,218,236,291,138,301,190,310,235,246,226,244,302,243,369,274,226,277,305,282,372,259,128,
259,169,260,85,227,140,221,190,219,236,291,138,302,190,310,235,246,226,244,302,244,369,274,226,277,305,282,371,259,128,
259,169,260,85,227,140,221,190,219,236,291,138,302,190,310,235,245,226,244,302,244,369,274,226,277,305,282,371,259,128,
259,169,260,85,227,140,222,190,219,236,292,138,302,190,310,236,245,226,244,302,244,369,274,226,277,305,282,371,259,128,
259,169,260,85,228,140,222,190,218,236,292,138,302,190,310,236,245,226,244,302,244,369,274,226,277,305,282,371,259,129,
259,169,260,85,228,140,222,190,218,237,292,138,302,190,310,236,245,226,244,302,244,369,274,226,277,305,282,371,259,129,
259,169,260,85,228,140,221,190,218,237,292,138,302,190,310,236,245,226,244,301,244,368,274,226,277,305,282,370,259,129,
259,169,260,85,228,140,221,190,217,238,292,138,302,190,310,235,245,226,244,301,244,368,274,226,277,305,282,370,259,129,
259,169,260,85,228,140,221,190,217,238,292,138,301,190,310,235,246,226,244,301,244,368,274,226,277,304,282,370,259,129,
259,169,260,85,228,140,221,190,217,238,291,139,301,190,309,235,246,226,244,301,244,368,274,226,277,304,282,370,259,129,
259,169,260,85,228,140,221,190,217,238,291,139,301,190,309,235,246,226,244,301,243,368,274,226,277,304,282,370,259,129,
259,169,260,85,228,140,221,190,217,237,291,139,301,191,309,235,245,226,244,301,243,367,273,226,277,304,283,371,259,129,
259,169,260,85,228,140,221,190,217,237,291,139,301,191,309,235,245,226,244,301,243,367,273,226,277,304,283,371,259,129,
259,170,260,85,228,140,221,190,217,237,291,139,301,191,309,235,245,226,244,301,243,367,273,226,277,305,283,371,259,129,
259,170,260,85,227,140,221,190,218,237,291,139,301,191,309,235,245,226,244,301,243,367,273,226,277,305,283,372,259,129,