number of people:1
point1.x,point1.y,  point3.x,point3.y,  point4.x,point4.y,  point5.x,point5.y,  point6.x,point6.y,  point8.x,point8.y,  point9.x,point9.y,  point10.x,point10.y,  point12.x,point12.y,  point13.x,point13.y,  point14.x,point14.y,  point16.x,point16.y,  point17.x,point17.y,  point18.x,point18.y,  point20.x,point20.y,  
265,169,258,91,245,138,233,191,250,194,286,137,308,177,247,161,255,226,256,299,255,361,272,225,292,310,298,383,266,128,
262,169,257,89,241,140,231,193,242,209,284,136,304,180,263,186,251,227,255,300,254,362,270,227,291,312,298,382,263,128,
259,170,257,88,238,142,230,196,234,226,283,136,300,183,278,211,247,229,253,302,253,362,268,229,290,314,298,382,261,128,
257,171,257,87,235,144,229,199,225,241,282,136,297,186,293,236,243,231,252,304,253,363,266,231,290,317,298,382,259,128,
257,171,257,87,235,144,229,199,225,244,282,136,297,186,293,236,243,231,252,304,253,363,266,231,290,317,298,382,259,128,
257,171,257,87,235,144,229,200,225,246,282,136,297,186,293,236,243,231,252,304,253,363,266,231,290,317,298,382,259,128,
257,171,257,87,235,144,229,200,225,247,282,136,297,186,293,236,243,231,252,304,253,363,266,231,290,317,298,382,259,128,
257,171,257,87,235,144,229,200,225,247,282,136,297,186,293,236,243,231,252,304,253,363,266,231,290,317,298,382,259,128,
257,171,257,87,235,144,229,200,225,247,282,136,297,186,293,236,243,231,252,304,253,363,266,231,290,317,298,382,259,128,
257,171,257,87,235,144,229,200,225,247,282,136,297,186,293,236,243,231,252,304,253,363,266,231,290,317,298,382,259,128,
257,171,257,87,235,144,229,200,225,247,282,136,297,186,293,236,243,231,252,304,253,363,266,231,290,317,298,382,259,128,
257,171,258,87,235,144,229,200,225,247,282,136,297,186,293,236,243,231,252,304,253,363,266,231,290,317,298,382,259,128,
257,171,258,87,235,144,229,200,225,247,282,136,297,186,293,236,243,231,252,304,253,363,266,231,290,318,298,382,259,128,
257,171,258,87,235,144,229,200,225,247,282,136,297,186,293,235,243,231,252,304,253,363,266,231,290,318,298,382,259,128,
257,171,258,87,235,144,229,200,225,247,282,136,297,186,293,235,243,231,252,304,253,363,266,231,290,318,298,382,259,128,
257,171,258,87,235,144,229,200,225,247,282,136,296,186,293,235,243,231,252,304,253,363,266,231,290,318,298,382,259,128,
257,171,258,87,235,144,229,200,225,247,282,136,296,186,293,235,243,231,252,304,253,363,266,231,290,318,298,383,259,128,
257,171,258,87,235,144,229,200,225,247,282,136,296,186,293,235,243,231,252,304,253,363,266,231,290,318,298,383,259,128,
257,171,258,87,235,144,229,200,225,247,282,136,296,186,293,235,243,231,252,304,253,363,265,231,290,318,298,382,259,128,
257,171,258,87,235,144,229,200,225,247,282,136,296,186,293,235,243,231,252,304,253,363,265,231,290,318,298,382,259,128,
257,171,258,87,235,144,229,200,225,247,282,136,296,186,293,235,243,231,252,304,253,363,265,231,290,318,298,382,259,128,
257,171,258,87,235,144,229,200,225,247,282,136,296,186,292,235,243,231,252,304,253,363,265,231,290,318,298,382,259,128,
257,171,258,87,235,144,229,200,225,247,282,136,296,186,292,235,243,231,252,304,253,363,265,231,290,318,298,382,259,128,
257,171,257,87,235,144,229,200,225,248,282,136,296,186,292,235,243,231,252,304,253,363,265,231,290,318,298,382,259,128,
257,171,257,87,235,144,229,200,225,248,282,136,296,186,292,235,243,231,252,304,253,363,265,231,290,318,298,382,259,128,
257,171,256,86,235,144,229,200,225,245,281,136,296,186,292,235,243,230,251,304,253,363,265,231,289,317,298,382,259,128,
257,171,256,86,235,144,229,200,225,242,281,136,295,186,292,235,243,230,251,304,252,363,265,230,289,317,298,383,259,128,
257,171,255,86,235,144,230,200,226,240,281,135,295,186,292,235,243,230,251,304,252,364,265,230,288,316,298,383,259,128,
257,171,254,85,235,144,230,199,226,240,281,135,295,186,292,235,243,230,251,304,252,364,265,230,288,316,298,384,258,128,
257,171,253,85,235,144,230,199,226,240,281,135,295,186,292,235,244,229,250,305,252,365,266,230,287,315,298,384,258,127,
257,171,251,85,235,144,230,199,226,240,281,135,295,186,291,236,245,229,250,305,252,366,267,230,287,315,298,384,258,127,
257,171,249,86,234,144,231,199,227,240,280,135,295,187,291,239,247,229,249,306,251,367,269,230,287,315,298,384,257,127,
257,171,246,88,234,144,231,199,227,241,280,136,295,188,291,244,250,230,249,307,251,367,271,231,287,316,298,385,257,128,
258,173,244,90,232,147,232,200,227,243,278,138,296,193,291,250,252,232,247,308,251,368,274,232,287,318,298,385,256,130,
259,177,242,94,231,152,232,202,227,247,276,142,296,197,291,253,255,235,246,309,251,368,276,235,287,319,298,385,254,134,
259,181,241,97,229,157,233,205,227,249,275,147,297,201,292,255,257,238,245,310,251,369,278,238,286,321,298,386,253,138,
259,186,239,102,229,162,233,209,226,252,274,153,297,203,294,260,258,242,244,311,250,369,279,242,286,323,298,386,252,143,
259,190,238,107,229,166,233,213,226,254,273,157,297,209,296,266,258,245,244,312,250,369,279,246,286,324,298,387,251,148,
259,196,237,113,229,172,233,217,226,260,273,164,297,215,297,272,259,249,242,314,250,369,280,251,285,325,298,388,250,155,
259,201,237,118,229,176,233,221,225,265,273,168,298,222,298,274,259,252,241,314,250,368,280,255,285,326,298,388,250,160,
259,206,237,124,229,182,234,228,225,272,273,173,298,228,299,279,260,256,237,312,250,368,281,260,285,326,298,389,250,165,
260,210,238,128,230,187,234,234,225,276,274,177,298,235,302,285,261,259,233,311,250,368,282,263,284,322,298,389,251,169,
261,214,239,133,231,191,235,241,225,282,274,181,299,241,304,292,262,262,228,309,250,368,283,266,284,316,298,389,251,173,
261,218,240,138,232,195,235,245,226,286,275,186,300,245,306,297,262,266,227,309,250,368,283,269,284,311,298,389,252,178,
262,222,240,143,233,199,235,249,227,289,276,190,301,248,307,298,262,270,226,311,250,369,283,274,284,311,298,389,253,182,
262,225,241,146,233,202,235,252,228,292,277,194,302,250,308,303,262,272,226,312,250,369,283,277,285,311,298,389,253,186,
262,228,242,150,234,205,236,254,229,294,277,197,303,251,309,307,262,275,225,312,250,369,283,280,285,311,298,389,254,189,
263,230,243,153,235,207,237,256,230,297,279,199,304,253,310,309,262,277,225,313,250,369,283,281,285,311,298,389,255,192,
264,233,245,156,237,210,238,258,231,298,280,203,305,255,310,309,262,280,224,313,250,369,283,284,286,312,298,389,257,195,
265,235,248,158,238,212,239,260,233,298,282,205,306,256,310,308,263,282,224,313,250,370,284,286,286,313,298,389,259,197,
266,237,250,160,240,213,241,261,236,299,284,207,307,257,311,306,263,284,228,314,250,370,284,288,286,314,298,389,260,198,
267,238,254,161,243,215,243,261,239,300,287,208,309,257,312,306,263,284,232,315,249,370,285,289,286,315,299,389,263,199,
269,238,257,161,245,215,245,261,239,300,289,208,311,257,314,306,264,285,236,315,249,370,285,289,286,315,299,389,266,200,
271,239,261,162,249,215,248,261,238,301,292,209,313,257,317,307,264,285,237,315,247,372,285,290,286,316,300,389,270,200,
272,239,264,162,252,215,251,261,239,301,295,209,315,257,319,308,264,286,238,314,246,374,285,290,288,316,300,389,272,200,
273,239,267,162,255,215,253,261,243,298,297,209,317,257,322,312,264,286,239,314,245,377,285,291,289,317,301,389,275,200,
274,238,270,162,256,215,255,260,247,294,300,209,319,257,323,310,264,286,239,314,245,377,285,291,291,317,301,389,277,200,
275,238,272,162,257,214,257,260,253,290,301,209,322,257,325,311,264,286,239,314,244,377,285,292,293,317,301,388,277,200,
276,238,275,162,260,214,259,260,253,290,304,209,324,258,327,313,263,286,238,314,244,377,285,292,295,317,301,388,280,200,
278,238,277,162,263,214,260,260,254,290,307,209,325,259,330,313,263,286,238,314,243,378,285,292,296,317,300,389,282,200,
279,237,279,163,266,214,261,259,254,290,309,209,327,260,331,313,263,285,237,314,243,378,285,292,297,317,300,390,285,200,
280,237,280,163,267,214,262,259,254,290,311,209,328,260,332,313,263,285,236,314,243,379,285,292,297,317,300,391,286,200,
281,237,281,164,268,214,263,258,255,290,313,209,328,260,333,313,263,285,236,314,243,379,285,292,296,317,300,391,287,200,
281,237,283,164,269,214,263,258,256,289,315,210,329,261,333,312,263,284,236,314,243,379,285,292,294,317,300,391,288,200,
282,237,284,164,270,214,264,258,256,289,316,210,329,261,333,311,263,284,235,314,243,380,285,291,292,317,300,391,289,200,
282,237,285,165,270,214,264,257,257,289,318,209,330,261,333,309,263,283,235,314,243,380,285,291,290,316,301,391,289,201,
283,237,286,165,271,214,265,257,257,289,319,209,330,261,333,309,263,283,234,314,242,380,285,291,290,316,301,390,290,201,
283,237,286,165,271,214,265,257,257,289,319,209,331,261,333,309,263,283,233,314,242,380,285,291,290,316,301,390,290,201,
283,237,287,166,272,214,266,257,258,289,320,209,331,260,333,308,263,283,233,314,242,381,285,290,290,316,300,390,290,201,
283,237,287,166,272,214,266,257,258,289,320,209,331,259,333,306,263,283,233,314,242,381,285,290,290,316,300,391,291,201,
284,237,288,166,273,215,266,257,259,289,320,209,332,259,332,306,263,282,233,314,242,381,285,290,290,316,300,392,292,201,
284,237,288,166,273,215,267,257,259,289,320,209,332,258,332,304,263,282,233,314,242,381,285,290,290,316,300,392,292,201,
284,237,289,166,273,215,267,257,259,289,321,209,332,258,332,304,263,282,232,314,241,381,285,290,290,316,300,392,292,201,
284,237,289,166,273,215,267,257,259,289,321,209,332,258,332,305,263,282,232,314,241,382,285,290,290,316,300,392,293,201,
284,237,289,166,273,215,267,257,259,289,321,209,332,258,332,307,263,282,232,314,241,382,285,290,290,316,300,391,293,201,
285,237,289,166,273,215,267,258,259,289,321,209,332,259,333,310,263,282,232,314,241,382,285,290,290,316,301,390,292,201,
285,237,289,166,273,215,267,258,259,289,321,209,332,259,334,311,263,282,232,314,241,382,285,290,290,316,302,389,292,201,
285,237,289,166,273,215,267,258,259,289,321,209,332,259,334,311,262,282,233,314,241,382,285,290,289,316,302,389,292,201,
284,237,288,166,273,215,267,258,259,289,320,209,331,259,333,311,262,282,233,314,241,382,285,290,289,316,302,389,292,201,
284,237,288,166,273,215,267,258,259,289,320,209,331,259,333,310,262,282,232,314,241,382,285,290,289,316,301,389,292,201,
284,237,287,166,272,215,267,258,259,289,319,209,331,259,333,309,262,282,230,314,244,378,285,290,289,316,301,390,291,201,
284,237,286,166,272,215,267,258,259,289,318,209,331,260,333,309,262,282,227,314,246,375,285,290,289,316,301,390,291,201,
283,237,285,166,271,215,266,258,259,290,316,210,330,260,333,309,262,282,227,315,246,375,285,290,289,316,300,390,290,201,
283,237,284,166,270,215,266,258,258,290,315,210,330,261,333,309,262,282,229,315,244,378,285,290,289,316,300,390,289,201,
282,237,282,166,269,215,265,259,258,290,314,211,329,261,332,310,262,283,230,315,244,378,285,291,289,316,300,390,288,202,
281,238,280,166,267,215,264,260,253,290,313,211,329,263,332,315,262,284,232,315,242,382,285,291,289,316,301,390,286,202,
280,239,278,166,265,215,263,260,247,291,312,211,328,264,332,320,262,284,233,315,242,382,285,292,289,316,301,389,284,203,
279,240,275,166,264,215,262,261,242,293,310,212,328,266,332,324,262,285,233,315,242,382,285,292,289,316,301,389,282,203,
277,241,271,166,261,216,260,262,242,294,307,213,326,266,332,325,262,285,233,315,242,381,285,293,289,316,300,389,280,204,
276,242,268,167,258,217,258,262,242,297,303,214,324,264,332,325,262,286,233,315,244,378,285,294,288,316,300,390,277,205,
274,244,263,168,254,219,255,263,243,300,299,215,321,263,332,325,262,287,230,315,246,374,285,295,288,317,299,390,273,207,
273,244,259,168,251,219,253,264,245,303,296,215,318,261,330,325,262,287,226,315,249,371,286,295,288,317,299,391,271,207,
271,244,254,168,247,220,251,264,245,303,293,214,316,261,327,325,262,287,223,316,249,371,286,295,287,317,299,391,268,207,
270,244,250,168,245,220,248,264,244,302,292,214,313,260,323,324,263,287,223,316,249,371,286,294,287,316,299,390,266,207,
269,243,247,166,242,219,246,264,242,300,290,213,311,259,319,320,263,287,223,316,249,371,286,292,287,316,299,390,264,206,
267,241,244,163,240,218,243,262,239,297,288,210,309,256,315,315,263,285,224,315,249,371,285,289,287,316,299,390,262,204,
265,237,241,159,237,213,241,260,237,296,284,206,308,254,312,312,263,283,224,315,249,371,285,286,287,315,299,390,258,199,
263,233,239,153,234,208,238,256,233,294,282,201,306,249,309,302,263,280,225,314,249,370,284,282,287,314,299,390,255,194,
262,229,237,147,232,204,236,252,229,292,280,198,305,247,307,297,262,277,225,314,249,370,283,280,287,313,298,389,253,190,
261,227,236,142,232,201,235,247,225,288,279,195,304,244,305,295,262,275,225,313,247,374,282,277,286,311,298,389,253,188,
260,223,236,136,231,196,234,242,223,282,278,188,303,237,302,294,261,271,226,312,247,373,281,274,285,309,297,389,252,182,
259,217,236,131,230,191,234,237,220,277,277,182,302,232,300,288,259,266,228,311,247,373,280,268,285,308,297,388,251,176,
258,210,236,123,230,183,233,231,218,270,277,175,302,224,298,281,258,259,231,310,247,372,278,262,285,307,297,388,251,168,
258,205,237,118,230,178,232,226,216,265,277,170,301,222,298,275,257,256,234,309,250,367,278,258,286,307,297,387,251,162,
258,200,237,113,230,173,231,222,216,261,276,164,301,220,297,271,257,252,236,308,250,367,277,255,287,306,297,387,251,156,
258,197,238,109,230,169,230,220,216,258,276,160,300,215,297,265,256,250,237,306,250,367,277,253,288,307,297,386,251,153,
258,193,239,105,230,166,230,217,216,256,276,156,299,211,297,261,255,247,239,305,250,367,276,250,289,306,297,386,251,149,
258,190,239,101,230,163,229,215,216,255,276,153,298,206,297,258,255,245,240,303,250,367,276,248,289,306,297,385,252,145,
258,188,240,98,230,161,229,214,216,254,276,151,298,204,297,253,255,243,241,302,250,366,276,246,289,305,297,385,252,142,
258,186,240,96,230,160,229,213,216,253,276,149,298,203,297,251,254,242,243,302,250,366,276,244,289,305,297,385,252,140,
258,182,241,94,230,156,229,208,218,249,276,146,297,199,298,248,254,238,245,304,251,366,275,240,288,309,297,385,253,137,
258,178,241,93,230,152,230,203,220,246,276,143,297,195,298,246,253,235,247,306,251,366,274,235,288,314,297,386,253,134,
258,174,241,91,230,150,231,198,222,242,277,142,297,190,298,242,253,232,249,309,251,367,274,231,288,319,297,386,254,132,
258,174,241,91,230,149,231,198,222,242,277,140,297,189,298,241,252,232,249,309,251,368,273,231,288,319,298,386,254,131,
258,173,241,90,231,147,231,198,223,241,277,139,297,188,297,239,251,231,249,308,251,368,272,230,287,318,298,386,254,129,
258,172,241,89,232,144,231,198,224,241,277,137,297,186,297,239,250,230,249,308,251,368,271,229,287,317,298,386,255,128,
257,171,242,88,232,143,231,198,224,240,278,136,297,185,297,238,249,229,249,308,251,368,270,228,287,316,298,386,255,128,
257,171,242,88,233,142,231,198,225,239,278,136,297,184,297,237,249,229,250,307,251,367,269,228,287,316,298,385,255,127,
257,170,243,88,233,142,231,198,225,239,278,136,297,184,297,236,248,229,250,307,252,367,269,228,287,316,298,385,255,127,
257,170,243,88,234,141,231,197,226,239,278,135,297,184,296,236,247,229,250,307,252,366,268,228,287,316,298,385,256,126,
257,170,243,88,234,141,231,197,226,239,278,135,297,184,296,236,247,229,250,307,252,365,267,228,287,316,298,385,256,126,
257,170,244,88,235,141,231,197,226,239,278,135,297,184,296,236,246,229,251,307,252,365,267,228,287,316,298,385,256,126,
257,169,244,88,235,141,230,197,225,239,278,135,297,184,296,236,245,229,251,306,252,364,267,228,287,315,298,385,257,126,
257,169,245,88,235,141,230,197,225,239,278,136,297,184,296,237,245,229,251,306,252,364,266,228,287,315,298,384,257,126,
257,169,245,88,235,141,230,197,224,239,278,136,297,185,295,237,245,229,251,306,252,364,266,228,287,314,298,384,257,126,
257,169,246,88,235,141,230,198,224,239,278,136,297,185,295,237,245,229,251,306,252,364,266,228,287,314,298,383,257,126,
257,169,246,87,235,141,230,198,224,239,278,136,297,185,294,237,245,229,252,306,252,364,266,229,287,314,298,383,257,126,
257,169,247,87,235,141,230,198,223,239,278,136,297,186,294,237,244,229,252,306,253,364,266,229,287,314,298,383,257,126,
257,169,248,87,235,141,230,198,223,240,279,136,296,186,294,237,244,230,252,306,253,364,266,229,288,315,298,383,257,126,
257,169,249,87,235,142,229,198,223,240,279,136,296,186,294,237,244,230,252,305,253,364,266,229,288,315,298,383,257,126,
257,169,250,86,235,143,229,199,223,241,279,136,296,186,294,237,244,230,252,305,253,364,266,230,288,315,298,383,258,126,
257,170,252,86,235,143,229,199,223,241,279,136,296,186,293,236,244,231,252,305,253,364,266,230,289,316,299,383,258,126,
257,170,253,86,235,142,229,199,223,241,279,136,296,186,293,236,244,231,252,305,253,364,266,230,289,316,299,383,258,126,
257,170,254,86,235,142,229,199,224,241,279,136,296,186,293,236,244,231,252,305,253,364,266,231,289,316,299,383,258,126,
257,170,255,86,235,142,229,199,224,241,280,136,296,186,293,236,244,231,252,305,253,364,266,231,289,316,299,383,258,126,
257,170,255,86,235,142,229,199,224,241,280,136,296,186,293,236,243,231,252,305,253,364,265,231,289,316,299,383,258,126,
257,170,256,86,235,142,229,199,224,241,280,137,296,186,293,236,243,231,252,305,253,364,265,231,289,316,299,383,258,126,
257,170,256,86,235,142,229,199,224,241,280,137,296,186,293,236,243,231,252,305,253,364,265,231,289,316,299,383,258,126,
257,170,257,86,235,143,229,199,224,241,280,137,296,186,293,236,243,231,252,305,253,364,265,231,289,316,299,383,258,127,
257,170,257,86,235,143,229,199,224,241,280,137,296,186,293,236,244,231,252,305,253,364,266,231,289,316,298,383,258,127,
257,170,257,86,235,143,229,199,224,241,280,137,296,186,294,236,244,231,252,305,253,364,266,231,289,316,298,383,258,127,
257,170,257,86,235,143,229,199,223,241,280,137,296,187,295,236,244,231,252,305,253,364,266,230,289,316,298,384,258,127,
257,170,257,86,235,143,229,199,223,241,280,137,296,187,295,236,244,231,252,305,252,364,267,230,288,316,298,384,258,127,
257,170,258,86,235,143,229,199,223,241,280,137,297,187,296,236,245,231,251,305,252,364,267,230,288,315,298,384,259,127,
257,170,258,86,235,143,229,199,223,241,280,137,297,187,296,237,245,231,251,305,252,364,267,230,287,315,298,384,259,127,
257,170,258,86,235,143,230,199,223,240,281,137,297,187,296,237,245,231,251,305,252,364,267,230,287,315,298,384,259,127,
258,170,258,86,235,143,230,199,223,240,281,137,297,188,296,237,245,230,250,306,252,364,267,230,286,314,298,384,259,127,
258,170,257,86,235,143,230,199,224,240,282,136,297,188,296,237,246,230,250,306,252,364,268,229,286,314,298,384,259,127,
258,170,257,86,235,143,230,199,224,240,282,136,298,188,296,237,246,230,249,306,252,365,269,229,286,314,298,384,259,127,
258,170,256,87,235,143,231,199,224,240,283,136,298,188,296,238,247,230,249,307,252,366,269,229,286,314,298,384,259,127,
258,171,256,87,235,143,231,199,225,240,283,136,298,188,297,238,248,230,249,307,251,367,270,229,286,314,298,384,259,127,
258,171,255,87,234,143,231,199,225,241,282,136,298,189,297,239,249,230,248,307,251,368,271,230,286,315,298,384,258,128,
259,172,254,88,233,144,232,199,226,242,282,137,299,190,298,239,250,230,248,308,251,368,272,231,286,316,298,385,258,129,
260,174,252,89,232,146,232,200,226,243,282,138,299,191,299,240,251,231,247,308,251,369,274,232,287,318,298,385,258,131,
260,175,251,91,232,147,232,200,226,244,282,140,299,193,299,241,253,232,247,308,251,369,276,232,287,318,298,385,257,133,
261,178,250,93,232,149,233,202,226,246,281,142,299,195,300,243,255,234,247,308,251,369,278,234,288,319,299,386,257,136,
261,180,249,96,232,150,233,204,225,248,281,143,299,197,302,247,256,235,247,309,251,370,279,235,288,319,299,386,257,138,
262,183,248,99,231,153,232,207,225,251,280,148,300,199,303,255,258,237,247,310,251,370,280,238,289,319,299,386,256,142,
262,187,247,103,231,158,232,210,224,253,279,153,301,203,304,263,259,240,246,310,251,370,281,241,289,320,299,386,256,146,
263,191,246,107,230,163,232,214,223,256,279,159,301,208,304,272,259,243,246,311,251,370,282,244,289,321,299,386,256,151,
263,196,245,113,230,168,231,218,222,261,279,162,302,214,304,279,260,246,245,311,251,370,282,248,289,321,299,386,256,155,
263,200,245,118,231,174,231,223,221,265,279,167,302,219,305,284,261,250,242,310,249,372,283,251,288,316,298,386,256,161,
263,205,245,124,231,179,231,228,220,269,279,173,303,224,306,289,262,253,238,308,249,372,284,255,287,310,298,385,256,166,
264,210,245,129,231,184,231,234,220,275,280,179,303,230,307,293,262,257,234,307,248,372,284,259,287,303,298,385,257,172,
264,215,245,134,231,189,231,238,220,279,281,184,304,236,307,296,262,260,232,307,248,371,284,263,287,303,298,385,257,176,
264,219,246,140,232,195,232,244,219,284,281,189,305,242,308,300,262,264,230,308,250,369,283,267,287,304,298,385,257,181,
264,224,246,145,233,199,232,248,219,287,282,193,305,247,309,302,262,268,228,310,250,369,283,271,287,306,298,386,258,186,
265,228,247,150,234,204,233,253,219,292,283,197,306,252,309,305,263,272,225,311,250,369,284,276,287,308,298,386,259,191,
266,232,248,154,235,207,233,256,220,295,284,203,307,254,310,307,264,276,224,311,250,369,285,279,287,309,298,387,260,196,
267,235,250,157,237,210,234,258,220,297,285,206,308,257,310,309,265,278,224,310,250,369,287,282,287,310,298,387,261,199,
269,237,252,160,238,212,235,259,221,298,287,209,308,258,310,309,266,280,224,310,250,369,289,283,287,311,298,387,263,202,
271,239,255,163,239,213,236,260,222,299,288,211,309,258,310,308,268,281,224,310,250,370,291,285,288,311,298,387,265,204,
273,240,258,165,242,215,238,261,224,300,291,212,310,258,311,307,269,282,225,310,250,370,293,286,288,311,297,388,267,205,
274,241,262,165,246,215,240,262,226,300,293,213,311,258,311,305,269,283,225,310,250,370,293,287,288,312,297,389,269,206,
275,242,265,165,249,215,243,262,228,300,295,213,313,257,312,304,269,284,225,310,250,370,293,289,289,312,297,389,271,206,
276,242,268,165,252,215,246,262,229,299,298,213,314,257,314,304,269,285,226,310,249,370,292,289,290,312,298,390,273,206,
277,241,271,165,254,215,249,262,231,298,301,212,316,257,317,305,269,285,226,310,249,371,292,290,291,312,298,389,276,205,
279,241,275,165,257,214,253,261,234,296,304,212,319,258,320,306,269,285,227,309,249,371,292,290,292,312,299,389,279,204,
280,241,277,165,258,214,255,261,236,296,306,212,321,258,323,309,268,285,227,309,249,371,292,290,293,312,299,389,281,204,
280,240,280,165,260,214,257,260,239,295,307,212,323,260,325,310,268,285,227,309,249,371,292,291,294,313,299,389,283,204,
281,240,282,165,262,213,259,260,240,295,310,211,324,260,327,310,267,285,226,309,249,371,292,291,295,313,300,389,284,204,
282,240,284,165,263,213,260,260,241,294,313,210,325,261,328,310,267,284,226,309,249,371,292,291,296,313,300,389,285,204,
283,239,286,165,265,213,262,260,243,293,316,210,326,261,331,311,267,284,226,310,249,371,292,291,297,314,300,390,286,204,
283,239,287,165,266,213,263,259,244,293,317,210,327,261,332,311,267,283,225,310,249,371,292,291,297,314,300,390,287,204,
284,239,288,165,267,213,264,259,246,293,318,210,327,261,333,311,267,283,225,311,249,371,292,291,296,314,300,391,289,204,
284,238,289,165,268,213,264,259,246,292,319,210,328,261,333,310,266,283,225,311,249,371,292,290,295,314,300,391,290,204,
285,238,290,165,269,213,265,259,247,292,320,210,329,262,334,310,266,282,225,311,250,371,292,290,294,314,300,391,290,204,
285,238,291,165,269,213,265,259,247,292,320,210,329,262,334,310,266,282,225,311,250,371,292,290,293,314,300,391,291,204,
286,238,292,166,270,213,266,258,248,292,322,210,330,261,334,309,266,282,224,311,250,371,292,290,292,314,300,391,292,204,
286,238,292,166,270,213,266,258,248,292,323,210,330,260,333,309,266,282,224,311,250,371,292,289,292,314,300,391,292,204,
287,238,293,166,271,213,266,258,248,291,324,210,331,258,333,308,266,282,224,311,250,371,292,289,292,314,300,391,293,204,
287,238,293,166,271,213,266,258,248,291,324,210,331,258,333,308,266,281,224,311,250,371,292,289,293,314,300,391,293,204,
287,238,294,166,271,213,266,258,248,291,324,210,331,257,333,308,266,281,224,311,250,371,292,289,293,314,300,391,293,204,
287,238,294,166,272,213,267,258,248,291,324,210,331,257,332,306,267,281,224,310,250,371,292,289,294,314,300,391,294,204,
287,237,294,166,272,214,267,258,248,291,324,210,331,258,331,304,267,281,224,310,250,371,292,289,294,314,300,391,294,204,
288,237,295,167,272,214,267,258,248,291,325,210,331,259,333,306,267,281,224,310,250,371,293,289,294,314,300,391,294,204,
288,237,295,167,272,214,267,258,248,291,325,210,332,259,333,306,267,281,224,310,250,371,293,289,293,314,300,391,294,204,
288,237,295,167,273,214,267,258,249,291,325,210,333,260,333,306,267,281,224,310,250,371,293,289,293,314,300,391,294,204,
288,237,295,167,272,214,268,258,249,291,325,210,333,260,334,307,267,281,224,310,250,371,293,289,293,314,301,391,294,204,
288,237,295,167,272,214,268,258,249,291,324,210,332,260,334,307,267,281,224,310,249,371,293,289,293,313,301,391,294,204,
288,237,295,167,272,214,268,258,249,291,324,210,332,260,334,307,267,281,224,310,249,371,293,289,293,313,301,391,294,204,
288,237,294,167,272,214,268,258,249,291,324,210,332,260,334,307,267,281,224,310,249,371,293,289,293,314,301,391,293,204,
287,237,293,166,271,214,267,258,249,291,323,210,332,260,334,307,267,281,224,311,249,371,293,289,293,314,301,390,293,204,
287,238,292,166,271,214,267,258,249,291,323,210,332,261,335,310,266,281,224,311,249,371,293,289,293,314,301,390,292,204,
286,238,290,166,269,214,266,258,248,291,322,210,331,263,335,311,266,281,227,311,250,371,293,289,292,314,301,390,291,204,
286,238,288,166,268,214,266,259,248,292,320,210,331,264,335,311,266,282,227,312,250,371,293,289,292,314,301,390,290,204,
284,239,285,166,266,215,264,259,246,293,318,211,330,265,335,311,266,283,230,312,250,371,293,290,292,314,300,390,288,205,
283,240,283,167,265,215,263,260,245,294,315,212,329,266,335,312,266,284,234,312,250,371,293,291,292,314,300,390,287,205,
282,241,278,167,262,215,261,261,243,295,311,213,328,266,335,315,266,285,231,311,250,371,293,292,291,314,300,390,284,206,
281,242,275,167,259,216,260,262,242,296,308,213,327,266,335,315,266,286,228,310,250,371,293,292,291,313,300,390,282,206,
280,243,271,167,256,216,258,262,241,298,304,214,325,266,335,316,267,287,229,309,249,371,293,292,291,313,300,390,278,207,
278,243,268,167,252,216,255,263,238,299,301,214,322,265,334,319,267,287,225,309,249,371,293,292,291,313,300,390,275,207,
277,242,264,167,249,216,252,263,236,299,297,213,319,264,333,316,268,286,225,309,249,371,293,292,291,313,300,390,272,207,
275,241,260,165,245,215,248,263,234,299,295,213,316,261,330,315,268,285,225,309,249,371,293,290,292,312,299,390,270,206,
274,240,258,164,244,214,245,262,232,299,293,212,314,259,326,312,268,284,226,309,249,371,293,288,292,312,299,390,269,205,
272,237,255,159,241,210,242,259,230,298,291,208,312,256,320,308,268,282,226,309,249,371,292,285,292,312,299,390,266,201,
271,234,253,155,239,207,240,257,229,297,289,204,310,254,315,302,268,280,226,309,249,371,291,282,291,311,299,390,264,197,
269,231,251,150,238,204,238,254,227,294,287,200,308,250,308,298,268,277,226,308,249,371,289,279,290,310,299,390,262,193,
269,228,250,145,237,202,236,250,224,289,287,198,307,244,303,295,268,275,226,308,246,373,289,277,288,309,298,389,261,190,
267,224,249,140,236,197,235,246,220,284,285,192,306,237,303,288,266,271,227,308,244,376,287,274,287,309,298,389,260,184,
265,218,248,134,234,192,233,240,217,279,284,186,304,230,298,282,264,267,228,307,243,378,285,269,287,309,297,388,258,178,
264,212,248,128,233,185,232,235,216,274,282,178,302,225,295,276,262,261,231,306,243,378,283,264,287,309,297,386,257,171,
263,207,248,122,233,180,231,229,215,268,282,173,301,222,293,272,261,257,233,306,244,377,282,259,288,310,297,385,257,166,
263,203,248,117,233,175,230,226,215,264,281,167,300,219,291,269,261,253,235,305,247,374,282,256,289,310,297,385,257,161,
263,200,248,112,233,173,229,223,215,261,281,165,300,217,291,266,260,251,237,304,248,371,281,254,291,309,297,384,257,159,
263,197,249,108,232,169,229,220,216,260,281,162,299,214,291,263,260,248,238,303,250,368,281,251,292,309,297,384,257,155,
262,193,249,104,232,165,229,218,217,259,281,158,299,211,292,260,259,245,240,301,250,368,280,248,293,308,297,384,257,150,
262,189,250,100,232,160,229,216,218,258,281,152,299,207,295,258,258,242,242,299,250,367,279,245,294,307,297,384,257,145,
262,186,251,97,232,158,229,213,220,255,281,149,299,205,297,255,258,240,243,298,250,367,279,243,294,306,297,385,257,141,
262,184,251,94,232,157,229,210,222,253,281,146,299,203,300,252,257,239,245,298,250,366,279,242,294,306,297,386,257,139,
262,180,252,91,231,153,230,205,224,248,281,144,299,200,302,247,256,236,247,301,250,366,278,237,293,309,297,386,257,136,
262,177,252,90,231,149,231,201,225,244,281,142,299,196,303,243,255,233,249,305,251,366,278,233,292,313,298,386,257,134,
261,173,253,88,231,145,232,198,226,241,281,140,299,192,304,239,254,230,251,308,251,366,277,229,291,317,298,386,258,132,
261,173,254,87,231,144,232,198,226,241,281,138,299,191,304,237,254,230,251,308,251,366,277,229,291,317,298,386,258,131,
261,172,254,86,231,144,232,197,226,240,282,137,300,190,304,236,253,229,252,308,251,366,276,228,291,316,299,386,258,130,
261,172,255,85,232,143,232,197,225,240,282,137,300,189,304,235,253,229,252,307,251,366,276,228,291,316,299,386,258,129,
261,171,256,85,232,143,232,197,225,239,283,137,300,189,303,235,252,229,252,307,251,366,275,228,291,316,299,385,258,129,
261,171,257,84,232,142,231,197,224,238,283,137,300,188,302,235,251,229,252,306,252,366,274,228,291,316,299,385,259,128,
261,171,257,84,233,142,231,197,223,237,283,136,300,188,301,235,250,229,253,306,252,365,274,228,291,316,299,385,259,128,
261,171,258,84,233,142,231,197,222,237,283,136,300,188,300,235,249,229,253,305,252,365,273,228,291,316,299,385,259,128,
261,170,258,84,233,142,230,197,221,237,284,136,299,188,299,236,249,229,253,305,252,364,272,228,291,315,300,384,260,127,
261,170,259,84,233,142,230,197,220,237,284,136,299,188,298,236,248,229,253,305,252,364,272,228,291,315,300,384,260,127,
260,170,259,84,233,142,229,197,219,237,284,136,299,188,297,236,248,229,253,305,252,364,271,228,291,315,300,384,260,127,
260,170,260,85,233,142,229,197,219,237,284,136,299,187,296,236,247,229,253,305,252,363,271,228,291,315,299,383,260,127,
259,170,260,85,233,142,228,197,218,237,284,137,298,187,296,235,247,229,253,304,252,363,270,228,291,316,299,382,260,128,
259,171,260,85,233,143,228,198,218,238,284,137,298,186,296,235,246,230,253,304,252,363,270,228,291,316,299,381,260,128,
259,171,260,85,233,143,228,199,218,239,284,137,298,186,296,235,246,230,253,304,252,363,269,229,291,316,299,381,260,129,
259,171,261,86,233,143,227,199,218,239,284,137,298,186,295,235,245,230,253,304,252,363,269,229,291,316,299,381,260,129,
258,171,261,86,233,143,227,200,219,240,284,137,298,186,295,235,245,230,253,304,252,363,269,229,291,316,299,381,260,129,
258,171,261,86,233,143,227,200,220,240,284,137,298,186,295,235,245,230,253,304,252,363,269,229,291,316,299,381,260,129,
258,172,260,86,233,144,227,200,221,241,284,137,298,186,295,235,244,231,253,304,252,363,268,230,291,317,299,382,259,129,
258,172,260,86,233,144,227,200,221,241,284,137,298,186,295,235,244,231,252,304,252,363,268,230,291,317,299,382,259,129,
258,172,260,86,233,144,227,200,222,241,284,137,298,186,295,235,244,231,252,304,252,363,268,230,291,317,299,382,259,129,
258,172,260,86,233,144,227,200,222,241,284,137,298,186,295,235,244,231,252,304,252,363,268,230,291,317,299,382,259,129,
258,172,260,86,233,144,227,200,223,241,284,137,298,186,295,235,244,231,252,304,252,363,268,230,290,317,299,382,259,129,
258,172,260,86,233,144,227,200,223,241,284,137,298,186,295,235,244,231,252,304,252,363,268,230,290,317,299,383,259,129,
258,172,260,86,233,144,227,200,223,241,284,137,298,187,295,235,244,231,252,304,252,363,268,230,290,317,299,383,259,130,
258,172,260,87,233,144,227,200,222,241,284,137,298,187,295,235,244,231,252,304,252,363,268,230,290,317,299,383,259,130,
258,172,260,87,233,144,227,200,222,241,284,137,298,187,296,235,244,231,252,304,252,363,268,230,290,317,299,383,259,130,
258,172,260,87,233,144,227,200,222,241,284,137,298,187,296,235,244,231,252,304,252,363,268,230,290,317,299,383,259,130,
258,172,260,87,233,144,227,200,221,241,284,137,298,187,296,235,244,231,252,303,252,363,268,230,290,317,299,382,259,130,
258,172,260,87,233,144,227,200,221,241,284,137,298,187,296,235,244,231,252,303,252,363,268,230,291,317,299,381,259,130,
258,172,260,87,233,144,227,200,221,241,284,137,298,187,296,235,244,231,252,303,252,363,268,230,291,317,299,381,259,130,
258,172,260,87,233,144,228,200,221,241,284,137,298,187,296,236,245,231,252,303,253,363,268,230,291,317,299,382,259,130,
258,172,260,87,233,144,228,200,221,241,284,137,298,187,296,236,245,231,252,304,253,363,268,230,291,317,299,382,259,130,
258,172,260,87,233,144,228,200,221,241,284,137,298,187,296,236,245,231,252,304,253,363,269,230,291,317,299,382,259,130,
258,172,260,87,233,144,228,200,222,241,284,137,298,187,296,236,245,231,253,304,253,363,269,230,291,317,299,382,259,130,
258,172,260,87,233,144,228,201,222,241,284,137,298,187,297,236,245,231,253,304,253,363,269,230,291,317,299,382,259,130,
258,172,260,87,233,144,228,201,222,241,284,137,298,187,297,236,245,231,253,304,253,363,269,230,291,317,299,382,259,130,
258,172,260,87,233,144,229,201,223,241,284,138,298,187,297,236,245,231,252,304,253,363,269,230,291,317,299,382,259,130,
258,172,260,87,233,144,229,201,223,241,284,138,298,187,297,236,245,231,252,304,253,363,269,230,290,317,299,382,259,130,
258,172,260,87,233,144,229,200,224,241,284,137,299,187,297,236,245,230,252,304,253,363,269,230,290,317,299,383,259,130,
258,172,260,87,233,144,229,200,224,241,284,137,299,186,296,236,245,230,252,304,253,363,269,229,289,316,299,384,259,130,
258,172,260,87,233,144,230,200,224,241,284,137,299,186,296,237,245,230,252,305,252,363,269,229,289,316,299,384,259,130,
258,171,260,86,233,143,230,199,225,241,285,137,299,186,296,237,246,229,252,305,252,364,269,228,289,316,299,383,259,129,
258,171,259,86,233,143,231,199,226,240,285,136,299,186,296,237,246,229,252,305,252,364,269,228,289,316,299,383,259,129,
259,171,259,86,234,143,231,198,226,240,285,136,299,186,296,236,246,229,252,305,252,364,269,228,289,316,299,383,259,129,
259,171,258,85,234,143,232,198,227,239,285,136,298,186,295,236,247,229,252,305,252,364,270,228,289,315,299,383,259,129,
259,171,257,85,233,143,232,197,227,239,284,136,298,186,295,236,248,229,252,305,252,365,272,228,289,315,299,383,259,129,
259,171,255,85,233,143,232,197,228,239,284,136,298,187,295,236,250,229,252,306,252,366,274,228,290,315,299,384,259,129,
260,172,253,86,232,144,232,197,228,239,283,137,298,187,295,238,252,229,252,306,252,367,276,229,290,315,299,384,258,130,
261,174,251,88,231,146,233,198,227,241,282,139,298,189,295,242,255,230,252,307,251,368,278,230,291,316,300,385,258,132,
262,176,249,91,231,149,233,200,227,242,281,141,298,190,295,246,258,232,251,308,251,368,280,232,291,317,300,385,257,135,
262,179,248,94,230,151,233,202,226,246,280,144,298,195,295,250,260,234,251,309,251,369,282,234,291,318,300,385,256,137,
263,183,247,98,230,155,232,207,226,250,279,148,298,199,295,253,263,237,250,310,251,369,284,236,291,319,300,385,256,141,
264,186,246,103,230,159,232,211,225,254,278,153,298,205,295,257,264,240,250,311,251,369,285,239,291,321,300,385,256,145,
266,192,245,109,230,166,232,216,224,258,278,160,298,209,295,265,268,244,248,311,251,369,289,243,291,321,300,385,256,152,
268,197,244,115,231,172,232,222,224,263,278,166,298,215,295,272,271,248,245,307,251,369,292,247,290,317,299,385,257,158,
270,202,244,121,231,178,232,228,223,269,278,171,298,223,296,279,275,251,242,304,251,368,296,251,290,313,298,384,258,163,
271,207,244,127,232,184,232,234,222,274,279,177,299,229,296,284,277,255,239,301,250,368,298,255,287,307,297,384,258,169,
272,212,245,133,232,189,232,238,222,278,279,181,300,236,298,292,277,260,236,301,250,368,299,259,286,307,297,383,259,173,
272,218,246,140,233,195,233,243,222,285,281,188,301,242,299,298,278,265,233,303,250,368,299,265,285,307,297,383,260,180,
273,222,247,145,234,199,233,248,222,290,282,193,302,247,301,301,279,269,232,303,250,368,300,268,285,307,297,384,261,185,
274,226,247,149,235,204,234,252,223,295,283,198,303,250,303,303,280,272,232,304,250,369,301,271,286,308,297,384,262,191,
275,229,249,154,235,206,234,255,223,296,283,201,303,252,307,310,281,275,231,304,250,369,302,274,287,309,297,385,263,194,
276,233,250,157,236,209,235,258,224,298,284,205,304,254,310,317,281,280,231,305,250,369,302,279,287,311,297,386,263,197,
277,237,252,161,238,212,237,260,226,300,285,207,306,258,313,324,282,284,231,305,250,369,303,284,288,312,297,387,264,200,
277,239,254,164,240,215,238,261,228,302,286,209,308,260,315,324,282,287,231,305,250,369,303,286,289,313,298,388,265,202,
279,241,257,166,242,216,240,262,228,302,289,211,310,261,316,321,283,288,231,305,250,370,304,287,290,313,298,388,268,205,
281,242,260,166,245,216,242,262,231,302,292,213,312,261,317,318,283,288,232,305,250,370,306,288,291,314,298,389,271,206,
282,243,264,166,248,216,245,262,233,302,295,214,314,260,319,311,284,289,232,305,250,370,306,288,292,314,298,389,274,207,
283,243,267,166,251,216,247,262,235,301,297,214,315,259,320,311,284,289,233,305,250,371,306,289,292,315,299,389,275,207,
285,242,270,166,253,216,250,261,236,299,300,213,317,259,323,313,284,290,233,305,250,371,306,290,293,315,299,388,278,206,
286,242,273,165,256,215,253,261,238,298,301,213,320,259,324,313,284,290,233,305,250,371,306,290,294,315,299,388,280,205,
288,242,277,165,259,214,256,261,240,297,303,212,323,260,327,313,284,290,233,304,250,371,306,290,296,315,300,388,282,204,
288,242,279,165,261,214,258,261,240,296,305,212,325,261,329,315,284,290,233,304,250,371,306,291,297,316,300,388,284,204,
289,242,282,165,263,214,260,260,241,295,307,212,327,262,331,313,284,290,233,304,250,371,306,291,297,316,300,388,285,204,
289,241,284,165,265,214,261,260,242,294,311,211,328,262,332,312,284,290,232,304,250,371,306,291,297,316,300,388,286,204,
291,241,286,165,266,214,262,259,243,293,315,210,329,263,333,312,284,290,232,304,250,371,306,291,297,316,300,388,289,203,
292,240,288,165,268,214,264,259,244,292,319,210,330,263,334,313,283,290,232,304,250,371,307,291,295,315,300,389,291,203,
293,240,290,165,269,214,265,259,245,291,320,210,331,263,334,312,283,290,232,304,250,371,307,291,293,314,300,389,293,203,
294,239,292,165,270,214,266,259,246,291,322,210,332,262,334,312,283,289,231,304,250,371,307,291,292,313,300,389,294,203,
294,239,293,165,270,214,267,259,247,291,323,210,332,262,335,312,283,289,231,304,250,371,307,291,291,313,301,390,295,203,
295,239,294,165,271,213,268,259,248,291,324,210,333,262,336,311,283,289,231,304,250,371,307,291,291,313,301,389,296,203,
295,239,295,166,272,213,269,259,248,290,324,210,334,260,336,311,283,288,231,303,250,371,307,290,291,313,301,389,297,203,
296,239,296,166,273,213,269,259,249,290,325,211,335,259,336,311,283,288,231,303,250,371,307,290,291,313,301,389,297,204,
296,239,297,166,274,213,270,259,250,290,325,211,335,258,337,311,282,287,232,302,250,371,307,290,292,312,301,390,298,204,
296,239,297,166,275,214,270,259,250,290,326,211,335,258,337,311,282,286,233,302,250,371,307,290,292,311,301,390,298,204,
297,239,298,167,276,214,271,259,251,290,327,211,335,259,337,312,282,286,235,302,250,370,307,290,293,310,301,390,299,204,
297,239,298,167,276,214,271,259,251,290,327,211,335,259,337,312,282,286,235,302,250,370,307,290,293,309,301,390,299,204,
297,239,298,167,276,214,272,259,251,290,327,211,335,259,337,312,282,286,235,302,250,370,307,290,293,309,301,390,299,204,
297,239,299,167,276,214,272,259,252,290,327,211,335,259,337,312,282,286,235,302,250,370,307,290,293,309,301,390,300,204,
297,239,299,167,276,214,272,259,252,290,327,211,335,259,337,312,282,286,235,302,250,370,307,290,293,309,301,390,300,204,
297,239,299,167,276,214,272,259,252,290,328,211,335,259,337,312,282,286,235,302,250,370,307,290,293,309,301,390,300,205,
297,239,298,167,275,214,272,259,252,290,328,211,335,259,337,311,282,286,235,302,250,370,307,290,293,309,301,390,300,205,
297,239,298,167,275,214,272,259,252,290,327,211,335,259,337,311,282,286,235,302,250,370,307,290,293,309,301,390,299,205,
297,239,297,167,275,214,272,259,252,290,327,211,335,260,337,311,282,286,233,302,250,370,307,290,292,309,301,390,299,205,
296,240,296,167,274,214,272,259,251,290,327,211,334,260,337,311,282,287,232,302,250,370,307,290,292,310,301,390,298,205,
296,240,294,167,274,214,271,259,251,291,326,211,334,261,337,311,283,288,231,303,250,370,307,290,292,311,301,390,297,205,
295,240,293,167,273,214,271,259,250,291,324,211,333,262,337,311,283,288,230,303,250,370,307,290,291,311,301,390,296,205,
295,240,291,167,272,214,270,259,250,291,323,211,333,263,337,312,283,288,230,303,250,370,307,290,291,311,301,390,295,205,
294,241,289,167,270,215,268,260,249,292,321,211,332,264,337,317,283,289,230,303,250,370,307,290,291,311,301,390,293,205,
293,241,286,167,268,215,267,260,248,292,318,212,332,265,336,317,283,289,230,303,250,370,307,291,291,312,301,390,292,205,
292,242,282,167,266,215,265,261,246,293,314,214,330,266,336,321,283,290,230,303,250,370,307,292,291,312,301,390,289,206,
290,243,279,168,262,216,263,261,244,294,310,215,329,267,336,325,283,291,230,303,250,370,307,292,291,312,301,390,286,207,
288,244,275,168,258,218,260,262,241,296,306,215,326,267,335,326,283,292,230,303,250,370,307,293,291,313,301,389,282,208,
287,245,271,168,255,218,257,263,238,297,302,216,322,267,333,326,283,292,231,303,250,370,307,293,292,314,301,389,279,209,
286,245,267,168,252,218,254,264,235,298,300,216,319,267,331,327,283,291,231,304,250,371,307,292,293,314,301,389,277,209,
285,244,264,168,249,218,251,264,235,298,299,215,316,266,329,327,283,291,231,304,249,371,307,292,293,314,301,389,276,208,
283,243,261,166,246,215,248,263,235,299,297,214,314,265,325,327,283,289,232,305,249,371,306,290,293,314,300,389,274,207,
281,241,259,163,245,214,245,262,233,299,295,213,311,264,321,327,282,288,232,305,249,371,305,288,293,314,300,390,271,205,
279,239,256,159,243,212,242,260,232,299,293,211,308,262,316,326,281,285,231,306,249,371,302,285,292,313,299,390,269,202,
277,236,254,157,240,209,239,257,230,297,291,208,306,259,309,323,279,283,230,306,249,371,299,283,291,312,299,390,267,200,
275,232,253,152,238,205,237,253,224,293,288,202,303,255,301,314,277,280,229,306,249,371,297,280,289,312,298,388,265,195,
273,229,252,147,236,202,235,249,221,289,286,198,300,248,293,305,277,277,229,306,247,372,296,277,287,312,298,388,263,190,
271,224,251,141,235,197,233,245,219,284,283,191,298,241,289,296,275,273,229,305,246,373,294,274,287,312,297,386,261,184,
270,218,250,135,234,191,232,239,217,278,282,186,296,232,284,290,273,268,230,305,246,372,292,269,287,312,297,385,260,178,
269,213,250,129,233,185,231,235,216,274,281,180,295,226,282,284,272,263,231,304,246,372,291,265,288,312,297,385,260,172,
268,207,250,122,232,178,230,230,215,270,281,174,294,220,279,278,271,258,233,303,247,370,290,260,290,311,297,384,259,166,
268,203,250,117,232,173,230,226,215,267,280,169,293,215,279,274,270,254,234,302,249,368,290,255,291,311,297,384,259,161,
267,197,251,111,231,168,229,222,215,265,280,163,292,209,279,266,268,250,235,302,249,367,289,251,291,310,297,384,259,155,
266,193,251,107,231,166,228,220,216,263,280,159,292,205,279,261,266,247,236,301,249,367,288,247,292,310,297,385,258,151,
266,190,252,103,231,163,227,216,217,262,280,155,292,202,280,256,265,245,237,300,250,366,287,244,292,309,297,386,258,147,
266,187,252,99,231,161,227,214,219,258,280,151,292,200,282,255,265,243,238,299,250,365,287,242,292,307,297,388,258,144,
266,185,252,96,231,159,227,211,220,255,280,149,293,198,284,253,265,242,239,299,250,365,287,240,292,307,297,388,258,142,
264,182,253,93,230,155,228,207,221,250,281,145,293,196,287,250,260,238,242,301,250,366,283,237,290,311,297,387,258,139,
262,179,253,90,230,151,229,202,221,247,281,143,293,196,290,247,255,234,244,304,250,367,278,234,288,314,297,387,258,136,
260,176,253,88,230,147,230,198,222,243,281,142,294,195,292,245,250,231,246,307,250,368,274,232,287,318,297,387,258,133,
259,175,254,87,230,146,230,198,222,242,281,141,295,194,294,243,250,231,246,307,250,369,273,231,287,318,297,387,257,132,
259,174,254,86,230,146,229,197,222,241,281,141,295,193,295,241,249,231,246,307,250,369,273,231,287,318,298,387,257,132,
259,173,254,85,229,145,229,197,221,240,281,139,296,191,297,239,248,230,247,306,250,369,272,230,287,317,298,386,257,130,
258,172,254,84,229,144,228,197,221,239,281,138,296,190,298,238,248,230,247,306,250,369,272,229,287,317,298,386,257,129,
258,171,254,84,229,143,228,197,221,237,281,136,297,190,298,237,248,229,248,306,251,368,272,228,287,316,298,385,257,128,
258,171,254,83,229,142,227,196,220,237,281,136,297,189,299,237,247,229,248,306,251,368,271,228,286,316,298,385,257,127,
258,171,254,83,229,142,227,196,219,237,281,136,297,189,299,237,247,229,248,305,251,367,271,228,286,316,298,385,257,127,
257,170,254,83,229,142,226,196,218,237,281,136,296,189,298,236,246,229,249,305,251,367,270,228,286,315,298,385,257,127,
257,170,254,83,229,142,225,196,217,237,281,136,296,188,297,236,246,229,249,304,251,366,270,228,286,315,298,385,257,127,
257,170,254,83,229,142,225,196,216,237,281,135,296,188,296,236,245,229,250,304,252,365,269,228,286,315,298,384,257,127,
257,170,254,83,228,141,224,196,215,237,281,135,295,187,294,236,245,229,250,304,252,365,269,228,286,315,298,384,256,127,
256,170,254,83,228,141,224,196,214,237,281,135,295,187,293,236,244,229,250,303,252,364,268,228,286,315,298,384,256,127,
256,169,254,83,228,141,224,196,213,237,281,135,294,186,292,236,243,229,250,303,252,363,267,228,286,314,298,384,256,126,
256,169,254,83,228,141,223,196,213,238,281,135,293,186,291,236,243,229,250,303,252,363,267,228,286,313,298,384,256,126,
256,169,254,83,228,141,223,196,213,238,281,135,293,186,289,236,242,229,250,303,252,363,266,228,286,313,298,384,256,126,
255,169,254,83,228,141,223,196,213,238,281,135,292,186,288,236,241,229,250,303,252,363,266,228,286,313,298,384,256,126,
255,169,254,83,228,141,223,196,213,238,281,135,292,186,288,237,241,229,250,303,252,363,265,228,286,313,298,384,256,126,
255,169,254,83,229,141,223,197,213,238,281,135,292,186,288,237,241,229,250,303,252,363,265,228,286,313,298,384,256,126,
255,169,254,83,229,141,223,197,214,238,281,135,292,186,288,237,241,229,250,303,252,363,265,228,286,313,298,384,256,126,
255,169,254,83,229,141,223,198,215,239,281,135,292,186,288,237,241,229,250,303,252,363,265,228,286,313,298,384,256,126,
255,169,254,83,229,141,223,198,216,239,281,135,292,186,288,237,241,229,250,303,252,363,265,229,286,313,298,383,256,126,
255,169,254,83,229,141,223,198,217,239,281,135,292,186,288,236,241,229,250,303,253,363,265,229,286,313,299,383,256,126,
255,169,254,83,229,141,223,198,218,239,280,135,292,186,289,236,241,229,250,303,253,363,265,229,287,313,299,383,256,126,
255,169,254,83,229,141,223,198,219,239,280,135,292,186,291,235,241,229,250,303,253,363,265,229,287,313,299,383,256,126,
255,170,254,83,229,141,223,198,220,239,280,135,293,187,292,235,242,229,250,303,253,363,266,229,288,313,299,383,256,126,
255,170,254,83,229,141,224,198,220,239,280,135,293,187,292,235,242,229,250,303,253,363,266,229,288,313,299,383,256,126,
255,170,254,83,229,141,224,198,219,239,280,135,293,187,292,235,242,229,250,303,253,363,266,229,288,313,299,383,256,126,
255,170,254,84,229,141,224,198,219,239,280,135,293,187,293,236,242,229,251,303,253,363,266,229,288,314,299,384,256,126,
255,170,254,84,229,141,224,198,218,239,280,135,293,187,293,236,242,229,251,303,253,363,266,229,288,314,299,384,256,126,
255,170,254,84,229,141,224,198,218,239,280,135,293,187,293,236,242,229,251,303,253,363,267,229,288,314,299,384,256,126,
255,170,254,84,229,141,224,198,217,239,280,134,293,187,292,236,242,229,251,302,253,363,267,229,288,314,299,383,256,126,
255,170,254,84,229,141,224,198,217,239,280,134,293,187,292,236,242,229,251,302,253,363,267,229,288,314,299,383,256,126,
256,170,254,84,230,141,224,198,217,239,280,134,293,186,292,236,242,229,251,302,253,363,267,229,288,314,299,383,256,126,
256,170,254,84,230,141,224,198,217,239,280,134,293,186,292,236,242,229,251,302,253,363,267,229,288,314,299,383,257,126,
256,170,255,84,230,141,224,198,217,239,280,134,294,186,292,236,242,229,251,302,253,363,267,229,288,314,299,384,257,126,
256,170,255,84,230,141,224,198,217,239,280,134,294,186,292,236,242,229,251,302,253,363,267,229,288,314,299,384,257,126,
256,169,255,84,230,141,224,198,217,239,281,134,294,186,292,236,242,229,251,302,253,362,267,229,288,314,299,384,257,126,
